0 0.36796875 0.7388888888888889 0.03125 0.06041666666666667
0 0.85546875 0.40694444444444444 0.023828125 0.06458333333333334
0 0.4078125 0.7756944444444445 0.021875 0.03263888888888889
0 0.206640625 0.8368055555555556 0.022265625 0.029861111111111113
0 0.611328125 0.8590277777777777 0.016796875 0.03888888888888889
0 0.880078125 0.7222222222222222 0.014453125 0.04097222222222222
3 0.576953125 0.6159722222222223 0.015234375 0.03263888888888889
0 0.951171875 0.42291666666666666 0.012890625 0.03680555555555556
0 0.71484375 0.8631944444444445 0.016796875 0.02847222222222222
3 0.470703125 0.5458333333333333 0.01875 0.01875
0 0.876953125 0.775 0.016796875 0.01875
3 0.5875 0.46458333333333335 0.010546875 0.025694444444444443
3 0.829296875 0.3104166666666667 0.008203125 0.01597222222222222
3 0.687109375 0.3416666666666667 0.005078125 0.044444444444444446