1 0.744140625 0.5256944444444445 0.059375 0.029166666666666667
1 0.723046875 0.49722222222222223 0.0546875 0.029166666666666667
1 0.259765625 0.6368055555555555 0.02890625 0.04861111111111111
1 0.77421875 0.5125 0.05703125 0.020833333333333332
1 0.491015625 0.5118055555555555 0.04765625 0.022222222222222223
1 0.39375 0.4708333333333333 0.0265625 0.022222222222222223
1 0.076953125 0.5131944444444444 0.01875 0.025
1 0.12578125 0.5152777777777777 0.01953125 0.019444444444444445
1 0.528515625 0.44583333333333336 0.01796875 0.020833333333333332
1 0.8828125 0.48333333333333334 0.01953125 0.019444444444444445
1 0.56171875 0.43819444444444444 0.01875 0.018055555555555554
1 0.50625 0.44305555555555554 0.015625 0.020833333333333332
1 0.4875 0.4618055555555556 0.0109375 0.02638888888888889
1 0.237890625 0.4756944444444444 0.0140625 0.019444444444444445