0 0.73359375 0.5638888888888889 0.04853515625 0.06111111111111111
2 0.351953125 0.5020833333333333 0.02900390625 0.0515625
2 0.40234375 0.8951388888888889 0.02802734375 0.04878472222222222
2 0.7828125 0.83125 0.01572265625 0.05
2 0.655078125 0.1625 0.02275390625 0.027777777777777776
2 0.884375 0.6076388888888888 0.01416015625 0.029340277777777778
2 0.330078125 0.6215277777777778 0.0125 0.03211805555555555
2 0.841796875 0.825 0.009375 0.041666666666666664
2 0.991015625 0.89375 0.01494140625 0.021006944444444446
2 0.177734375 0.7298611111111111 0.01181640625 0.0234375
2 0.544921875 0.09027777777777778 0.0109375 0.025173611111111112