0 0.494921875 0.09513888888888888 0.0375 0.04513888888888889
0 0.63671875 0.3798611111111111 0.023828125 0.03819444444444445
0 0.46875 0.12986111111111112 0.025 0.03125
0 0.737890625 0.5020833333333333 0.023828125 0.050694444444444445
0 0.5234375 0.09652777777777778 0.019140625 0.035416666666666666
3 0.313671875 0.7034722222222223 0.030078125 0.03263888888888889
0 0.672265625 0.25972222222222224 0.015625 0.035416666666666666
0 0.488671875 0.16111111111111112 0.0125 0.034027777777777775
0 0.95234375 0.47430555555555554 0.021484375 0.04375
3 0.23046875 0.42291666666666666 0.01875 0.03819444444444445
3 0.683203125 0.46597222222222223 0.029296875 0.04236111111111111
1 0.33046875 0.7013888888888888 0.0234375 0.03611111111111111
3 0.964453125 0.5944444444444444 0.010546875 0.030555555555555555
0 0.90625 0.225 0.011328125 0.027777777777777776
3 0.530078125 0.19930555555555557 0.013671875 0.022916666666666665
2 0.583984375 0.22569444444444445 0.012890625 0.022916666666666665
3 0.076953125 0.6847222222222222 0.0140625 0.021527777777777778
0 0.987890625 0.8263888888888888 0.007421875 0.03819444444444445
2 0.560546875 0.1840277777777778 0.012109375 0.022222222222222223
3 0.49375 0.12777777777777777 0.0125 0.02013888888888889
3 0.544140625 0.08819444444444445 0.0109375 0.022916666666666665
3 0.212890625 0.9277777777777778 0.009765625 0.024305555555555556
3 0.41953125 0.8131944444444444 0.018359375 0.027083333333333334
3 0.184765625 0.88125 0.015234375 0.014583333333333334
2 0.4609375 0.8729166666666667 0.012109375 0.017361111111111112
2 0.655859375 0.19375 0.0109375 0.01875
3 0.8765625 0.3076388888888889 0.0109375 0.01875
2 0.437109375 0.8763888888888889 0.012890625 0.014583333333333334
3 0.93125 0.5208333333333334 0.005078125 0.03680555555555556
3 0.219921875 0.9270833333333334 0.009765625 0.01875
3 0.072265625 0.5354166666666667 0.008203125 0.022222222222222223
2 0.66328125 0.21666666666666667 0.027734375 0.04236111111111111
3 0.458984375 0.8048611111111111 0.013671875 0.024305555555555556
3 0.920703125 0.4895833333333333 0.0078125 0.02013888888888889
3 0.973046875 0.9118055555555555 0.013671875 0.025
0 0.328515625 0.9090277777777778 0.0125 0.022916666666666665
2 0.6765625 0.4875 0.0078125 0.01597222222222222
3 0.627734375 0.9194444444444444 0.008984375 0.014583333333333334
3 0.0046875 0.44027777777777777 0.004296875 0.027777777777777776
2 0.312890625 0.8631944444444445 0.007421875 0.01597222222222222
3 0.636328125 0.24513888888888888 0.009375 0.011805555555555555
2 0.629296875 0.19236111111111112 0.017578125 0.03125
3 0.937890625 0.5229166666666667 0.00625 0.016666666666666666
2 0.230859375 0.7916666666666666 0.011328125 0.022916666666666665
3 0.005078125 0.8645833333333334 0.005859375 0.014583333333333334
2 0.914453125 0.8340277777777778 0.015234375 0.027083333333333334
3 0.948828125 0.6034722222222222 0.005859375 0.013888888888888888
3 0.562890625 0.80625 0.005859375 0.011111111111111112
3 0.441796875 0.7083333333333334 0.007421875 0.008333333333333333
3 0.868359375 0.3506944444444444 0.008984375 0.01597222222222222
3 0.572265625 0.7569444444444444 0.004296875 0.013888888888888888
3 0.203515625 0.9576388888888889 0.006640625 0.009027777777777777
3 0.04296875 0.7951388888888888 0.004296875 0.013888888888888888
2 0.358984375 0.9506944444444444 0.011328125 0.019444444444444445
2 0.71015625 0.32430555555555557 0.008203125 0.014583333333333334
2 0.747265625 0.21875 0.008203125 0.013194444444444444
2 0.683203125 0.20833333333333334 0.003515625 0.008333333333333333
3 0.666796875 0.44583333333333336 0.004296875 0.009027777777777777