2 0.59609375 0.7069444444444445 0.03134765625 0.07517361111111111
2 0.52265625 0.6229166666666667 0.03740234375 0.04722222222222222
0 0.589453125 0.23680555555555555 0.03125 0.05555555555555555
2 0.271484375 0.7986111111111112 0.0375 0.04461805555555556
2 0.66484375 0.3215277777777778 0.02646484375 0.05277777777777778
2 0.108203125 0.5166666666666667 0.034375 0.03611111111111111
2 0.628515625 0.6618055555555555 0.0234375 0.04878472222222222
2 0.482421875 0.5048611111111111 0.0234375 0.04600694444444445
2 0.22421875 0.9833333333333333 0.03271484375 0.03333333333333333
2 0.468359375 0.64375 0.02431640625 0.04045138888888889
2 0.46328125 0.25277777777777777 0.02802734375 0.0359375
2 0.652734375 0.3763888888888889 0.02431640625 0.0390625
2 0.576953125 0.47708333333333336 0.02275390625 0.04045138888888889
2 0.572265625 0.6798611111111111 0.02431640625 0.03767361111111111
2 0.6828125 0.6527777777777778 0.0171875 0.05260416666666667
2 0.455078125 0.375 0.02880859375 0.030381944444444444
2 0.479296875 0.21180555555555555 0.02568359375 0.03333333333333333
2 0.5375 0.8493055555555555 0.02509765625 0.03211805555555555
2 0.762109375 0.2923611111111111 0.02587890625 0.029340277777777778
2 0.589453125 0.61875 0.01962890625 0.03888888888888889
2 0.5609375 0.7798611111111111 0.0234375 0.03211805555555555
2 0.237890625 0.5916666666666667 0.01630859375 0.03888888888888889
2 0.436328125 0.33541666666666664 0.015625 0.03888888888888889
2 0.489453125 0.1875 0.01806640625 0.03333333333333333
2 0.405078125 0.12430555555555556 0.01943359375 0.030555555555555555
2 0.5578125 0.71875 0.02197265625 0.0265625
2 0.695703125 0.3729166666666667 0.01943359375 0.028993055555555557
2 0.630859375 0.3215277777777778 0.0125 0.04010416666666667
2 0.566015625 0.8534722222222222 0.01943359375 0.02378472222222222
2 0.599609375 0.28541666666666665 0.01650390625 0.025
2 0.17734375 0.8965277777777778 0.02177734375 0.02065972222222222
2 0.0109375 0.8409722222222222 0.015625 0.0265625
2 0.0921875 0.19305555555555556 0.01552734375 0.022222222222222223
2 0.531640625 0.5451388888888888 0.01162109375 0.028993055555555557
2 0.517578125 0.9256944444444445 0.0140625 0.022222222222222223
2 0.56796875 0.5951388888888889 0.01083984375 0.027777777777777776
2 0.401171875 0.2791666666666667 0.01162109375 0.024826388888888887
2 0.954296875 0.2465277777777778 0.01875 0.021006944444444446