0 0.594921875 0.2659722222222222 0.027734375 0.07569444444444444
2 0.3609375 0.9263888888888889 0.021875 0.04236111111111111
0 0.080078125 0.27569444444444446 0.022265625 0.03958333333333333
3 0.059765625 0.3347222222222222 0.014453125 0.049305555555555554
2 0.192578125 0.3576388888888889 0.014453125 0.041666666666666664
2 0.247265625 0.7416666666666667 0.0140625 0.03333333333333333
2 0.25078125 0.4576388888888889 0.011328125 0.030555555555555555
2 0.33125 0.9576388888888889 0.0125 0.025694444444444443
2 0.344921875 0.65625 0.0125 0.022916666666666665
2 0.276171875 0.58125 0.008203125 0.021527777777777778
2 0.269921875 0.13125 0.009765625 0.01875
2 0.234765625 0.15138888888888888 0.008203125 0.01875
2 0.352734375 0.8333333333333334 0.00625 0.022222222222222223
3 0.32734375 0.8166666666666667 0.038671875 0.041666666666666664