3 0.186328125 0.20416666666666666 0.01806640625 0.08871527777777778
0 0.64453125 0.7111111111111111 0.0265625 0.04461805555555556
0 0.8859375 0.7680555555555556 0.0171875 0.04739583333333333
2 0.423828125 0.7270833333333333 0.01875 0.03888888888888889
0 0.528515625 0.9604166666666667 0.02119140625 0.0234375
2 0.43046875 0.8444444444444444 0.0140625 0.019618055555555555
2 0.582421875 0.6729166666666667 0.0109375 0.017881944444444443
2 0.484765625 0.2 0.0078125 0.016666666666666666
3 0.253515625 0.6201388888888889 0.00537109375 0.0234375
2 0.141015625 0.2361111111111111 0.00712890625 0.016666666666666666
2 0.158984375 0.69375 0.0078125 0.01545138888888889
3 0.219140625 0.5604166666666667 0.00625 0.013888888888888888
3 0.193359375 0.3597222222222222 0.00537109375 0.011284722222222222
3 0.568359375 0.3909722222222222 0.00556640625 0.009548611111111112
3 0.36328125 0.20069444444444445 0.0078125 0.009548611111111112