0 0.333984375 0.5423611111111111 0.030078125 0.05555555555555555
2 0.493359375 0.6784722222222223 0.023046875 0.05555555555555555
2 0.511328125 0.21736111111111112 0.019140625 0.05277777777777778
2 0.682421875 0.3701388888888889 0.022265625 0.04375
0 0.737890625 0.8013888888888889 0.026171875 0.03611111111111111
2 0.749609375 0.8319444444444445 0.025 0.035416666666666666
2 0.645703125 0.6659722222222222 0.025390625 0.034027777777777775
2 0.3171875 0.7097222222222223 0.0203125 0.03888888888888889
2 0.50703125 0.7881944444444444 0.01875 0.03263888888888889
2 0.741015625 0.9548611111111112 0.0140625 0.041666666666666664
3 0.130078125 0.4409722222222222 0.012109375 0.04513888888888889
2 0.949609375 0.6159722222222223 0.0125 0.03819444444444445
2 0.13203125 0.6083333333333333 0.012109375 0.03819444444444445
2 0.714453125 0.9326388888888889 0.025 0.01875
2 0.43515625 0.30833333333333335 0.016015625 0.027777777777777776
2 0.192578125 0.8986111111111111 0.011328125 0.030555555555555555
2 0.441796875 0.9868055555555556 0.0203125 0.014583333333333334
2 0.8046875 0.9881944444444445 0.012890625 0.02013888888888889
2 0.166796875 0.48333333333333334 0.0109375 0.022916666666666665
2 0.404296875 0.8076388888888889 0.011328125 0.02013888888888889
2 0.80546875 0.8069444444444445 0.0140625 0.016666666666666666
2 0.004296875 0.3277777777777778 0.00859375 0.022222222222222223
2 0.578125 0.7715277777777778 0.008984375 0.017361111111111112
2 0.641796875 0.6138888888888889 0.014453125 0.009027777777777777
2 0.79765625 0.9569444444444445 0.005859375 0.014583333333333334