3 0.562890625 0.76875 0.020703125 0.034027777777777775
0 0.53359375 0.32083333333333336 0.0125 0.02847222222222222
0 0.109765625 0.7798611111111111 0.012109375 0.027083333333333334
1 0.549609375 0.7743055555555556 0.021484375 0.03333333333333333
0 0.340234375 0.95625 0.019140625 0.03333333333333333
3 0.501171875 0.4708333333333333 0.009375 0.02013888888888889
3 0.591796875 0.9756944444444444 0.012890625 0.022222222222222223
3 0.5609375 0.6486111111111111 0.005078125 0.014583333333333334
3 0.5515625 0.6659722222222222 0.008203125 0.014583333333333334
3 0.5515625 0.7673611111111112 0.005859375 0.009027777777777777
2 0.6265625 0.7048611111111112 0.008984375 0.01597222222222222
3 0.08125 0.6847222222222222 0.003515625 0.008333333333333333