1 0.405078125 0.3638888888888889 0.0484375 0.05625
1 0.502734375 0.8673611111111111 0.019140625 0.04097222222222222
1 0.2703125 0.6909722222222222 0.022265625 0.029861111111111113
1 0.6875 0.1597222222222222 0.015625 0.041666666666666664
1 0.555078125 0.9465277777777777 0.016796875 0.03263888888888889
1 0.475390625 0.8319444444444445 0.024609375 0.021527777777777778
1 0.226953125 0.7381944444444445 0.016796875 0.022222222222222223
1 0.81640625 0.8798611111111111 0.018359375 0.02013888888888889
1 0.687109375 0.2791666666666667 0.012109375 0.02847222222222222
1 0.640234375 0.12638888888888888 0.012890625 0.02013888888888889
1 0.910546875 0.6027777777777777 0.013671875 0.025