0 0.445703125 0.7979166666666667 0.034375 0.03611111111111111
0 0.180859375 0.7555555555555555 0.0171875 0.058333333333333334
0 0.23515625 0.6118055555555556 0.01728515625 0.05555555555555555
3 0.865234375 0.49027777777777776 0.02119140625 0.036284722222222225
2 0.609765625 0.8979166666666667 0.02587890625 0.06545138888888889
2 0.416015625 0.09375 0.01474609375 0.03732638888888889
3 0.194140625 0.8631944444444445 0.00869140625 0.059895833333333336
3 0.074609375 0.9423611111111111 0.0125 0.041666666666666664
3 0.39140625 0.28958333333333336 0.021875 0.05399305555555556
0 0.378515625 0.9736111111111111 0.015625 0.030555555555555555
0 0.737890625 0.32013888888888886 0.0140625 0.029340277777777778
0 0.34609375 0.9201388888888888 0.0203125 0.04010416666666667
0 0.935546875 0.3451388888888889 0.01787109375 0.03767361111111111
2 0.391015625 0.1909722222222222 0.00537109375 0.04878472222222222
2 0.140234375 0.5465277777777777 0.009375 0.02378472222222222
3 0.208984375 0.39375 0.0078125 0.05434027777777778
0 0.2453125 0.6854166666666667 0.00947265625 0.022222222222222223
3 0.234765625 0.3784722222222222 0.0140625 0.028993055555555557
2 0.844140625 0.9111111111111111 0.0109375 0.016840277777777777
3 0.46484375 0.9534722222222223 0.01240234375 0.01545138888888889
3 0.219921875 0.3326388888888889 0.01162109375 0.015104166666666667
3 0.4015625 0.19444444444444445 0.01103515625 0.0140625
2 0.430078125 0.9326388888888889 0.0203125 0.041666666666666664
1 0.412890625 0.69375 0.00849609375 0.018229166666666668
2 0.859765625 0.7243055555555555 0.01318359375 0.025
0 0.73125 0.32013888888888886 0.00947265625 0.01545138888888889
3 0.994921875 0.3645833333333333 0.0078125 0.018229166666666668
3 0.366796875 0.36041666666666666 0.01162109375 0.022222222222222223
3 0.207421875 0.9486111111111111 0.00693359375 0.016493055555555556
3 0.237109375 0.32430555555555557 0.01162109375 0.021006944444444446
3 0.325 0.6638888888888889 0.0078125 0.011284722222222222
3 0.24140625 0.41041666666666665 0.0078125 0.009895833333333333
3 0.291796875 0.6736111111111112 0.00537109375 0.013888888888888888
3 0.330859375 0.75625 0.00693359375 0.009895833333333333
3 0.2125 0.9611111111111111 0.00615234375 0.011111111111111112
3 0.326953125 0.7486111111111111 0.00556640625 0.008506944444444444
3 0.2484375 0.38055555555555554 0.00478515625 0.0109375
3 0.326171875 0.6458333333333334 0.00537109375 0.008506944444444444
3 0.3296875 0.65625 0.00458984375 0.011111111111111112
3 0.365234375 0.7236111111111111 0.0046875 0.0109375
3 0.331640625 0.6645833333333333 0.0046875 0.009548611111111112
3 0.337109375 0.7590277777777777 0.0046875 0.007118055555555555
3 0.331640625 0.7326388888888888 0.00400390625 0.007118055555555555
3 0.218359375 0.42083333333333334 0.01025390625 0.025173611111111112