3 0.631640625 0.5479166666666667 0.06806640625 0.11388888888888889
3 0.09375 0.4798611111111111 0.03740234375 0.0765625
2 0.388671875 0.5270833333333333 0.02275390625 0.06388888888888888
2 0.2890625 0.7791666666666667 0.025 0.05572916666666667
3 0.278515625 0.7194444444444444 0.03193359375 0.044270833333333336
2 0.39921875 0.59375 0.03125 0.03333333333333333
2 0.55859375 0.22361111111111112 0.02490234375 0.027604166666666666
2 0.575390625 0.09097222222222222 0.01787109375 0.029340277777777778
2 0.394140625 0.34791666666666665 0.0140625 0.03177083333333333
3 0.390625 0.13680555555555557 0.015625 0.0265625
2 0.297265625 0.5715277777777777 0.01162109375 0.0265625
2 0.237890625 0.6465277777777778 0.0109375 0.019444444444444445
3 0.401953125 0.12430555555555556 0.01025390625 0.017881944444444443
3 0.37265625 0.10972222222222222 0.01083984375 0.016666666666666666
3 0.387890625 0.10138888888888889 0.009375 0.019270833333333334
2 0.597265625 0.09305555555555556 0.01337890625 0.011111111111111112
2 0.58984375 0.1111111111111111 0.0078125 0.013888888888888888