2 0.3125 0.5215277777777778 0.028125 0.05347222222222222
2 0.1453125 0.5701388888888889 0.016015625 0.035416666666666666
2 0.257421875 0.9868055555555556 0.017578125 0.025
2 0.194921875 0.3326388888888889 0.0125 0.02013888888888889
2 0.28828125 0.4354166666666667 0.010546875 0.024305555555555556
2 0.207421875 0.8333333333333334 0.009765625 0.024305555555555556
2 0.10390625 0.3736111111111111 0.009375 0.022916666666666665
2 0.219921875 0.6180555555555556 0.009765625 0.022222222222222223
2 0.037109375 0.875 0.008984375 0.011111111111111112
2 0.03671875 0.575 0.0046875 0.010416666666666666
2 0.038671875 0.6340277777777777 0.003515625 0.008333333333333333
2 0.042578125 0.5666666666666667 0.003515625 0.007638888888888889