2 0.607421875 0.3055555555555556 0.02744140625 0.04704861111111111
0 0.614453125 0.9388888888888889 0.0234375 0.05295138888888889
2 0.353125 0.9465277777777777 0.02177734375 0.04722222222222222
0 0.119140625 0.15416666666666667 0.01630859375 0.05538194444444444
2 0.862109375 0.5909722222222222 0.0234375 0.03454861111111111
0 0.388671875 0.28541666666666665 0.01650390625 0.0234375
2 0.326953125 0.5104166666666666 0.01494140625 0.019444444444444445
2 0.258203125 0.6722222222222223 0.00869140625 0.027777777777777776
2 0.640234375 0.8131944444444444 0.00869140625 0.027777777777777776
2 0.350390625 0.9034722222222222 0.01005859375 0.022222222222222223
2 0.218359375 0.5770833333333333 0.01162109375 0.017881944444444443
2 0.641015625 0.7881944444444444 0.009375 0.02065972222222222
2 0.628125 0.31180555555555556 0.01103515625 0.01545138888888889
2 0.28203125 0.6243055555555556 0.00791015625 0.021006944444444446
2 0.658203125 0.8979166666666667 0.00625 0.02378472222222222