0 0.56328125 0.18333333333333332 0.033984375 0.06180555555555556
2 0.780078125 0.3375 0.021875 0.052083333333333336
2 0.859765625 0.225 0.021875 0.052083333333333336
2 0.421875 0.5895833333333333 0.022265625 0.04236111111111111
2 0.087890625 0.29583333333333334 0.0203125 0.04375
2 0.761328125 0.6215277777777778 0.019921875 0.04236111111111111
2 0.387890625 0.5645833333333333 0.020703125 0.03888888888888889
2 0.643359375 0.13402777777777777 0.015625 0.049305555555555554
2 0.641796875 0.9534722222222223 0.0203125 0.024305555555555556
2 0.49921875 0.11736111111111111 0.015234375 0.027777777777777776
2 0.453515625 0.05347222222222222 0.014453125 0.025694444444444443
2 0.033203125 0.19444444444444445 0.009765625 0.03680555555555556
2 0.041796875 0.8076388888888889 0.012109375 0.03125
2 0.435546875 0.13541666666666666 0.012890625 0.027777777777777776
2 0.108203125 0.7854166666666667 0.011328125 0.022916666666666665
2 0.849609375 0.23958333333333334 0.008984375 0.022222222222222223
2 0.7 0.7708333333333334 0.0078125 0.025694444444444443
2 0.691015625 0.7534722222222222 0.0125 0.01597222222222222
2 0.593359375 0.16319444444444445 0.0125 0.013888888888888888
2 0.84921875 0.2875 0.005859375 0.01597222222222222
2 0.601171875 0.19305555555555556 0.004296875 0.013194444444444444