0 0.41640625 0.28958333333333336 0.0265625 0.0515625
0 0.558984375 0.8673611111111111 0.02431640625 0.04600694444444445
0 0.5 0.7631944444444444 0.0171875 0.05954861111111111
0 0.518359375 0.6881944444444444 0.01650390625 0.05399305555555556
0 0.38984375 0.4222222222222222 0.0203125 0.041666666666666664
0 0.430078125 0.9319444444444445 0.01494140625 0.05295138888888889
0 0.700390625 0.36180555555555555 0.02255859375 0.03454861111111111
0 0.701953125 0.9340277777777778 0.021875 0.03333333333333333
0 0.371484375 0.36319444444444443 0.01630859375 0.03732638888888889
0 0.525390625 0.9305555555555556 0.015625 0.03350694444444444
0 0.369140625 0.1673611111111111 0.01630859375 0.03211805555555555
0 0.39453125 0.5840277777777778 0.01884765625 0.0265625
0 0.396484375 0.21319444444444444 0.01474609375 0.03454861111111111
0 0.63203125 0.8736111111111111 0.0203125 0.025
0 0.444921875 0.6090277777777777 0.015625 0.028993055555555557
0 0.548046875 0.7541666666666667 0.01494140625 0.027604166666666666
0 0.444140625 0.1951388888888889 0.01494140625 0.025
0 0.467578125 0.7479166666666667 0.01494140625 0.022222222222222223
0 0.463671875 0.6131944444444445 0.0125 0.025
0 0.673046875 0.34791666666666665 0.01005859375 0.029340277777777778
0 0.434765625 0.6118055555555556 0.01025390625 0.0234375
0 0.425390625 0.6055555555555555 0.009375 0.025
0 0.276953125 0.2326388888888889 0.00869140625 0.02378472222222222