3 0.380859375 0.18958333333333333 0.0390625 0.05277777777777778
0 0.4390625 0.60625 0.01552734375 0.05277777777777778
2 0.409375 0.6131944444444445 0.02021484375 0.03611111111111111
3 0.461328125 0.7298611111111111 0.01630859375 0.03767361111111111
2 0.37578125 0.4756944444444444 0.01708984375 0.034895833333333334
3 0.401171875 0.47291666666666665 0.0125 0.043229166666666666
1 0.416796875 0.7131944444444445 0.01630859375 0.028993055555555557
2 0.694921875 0.8381944444444445 0.01494140625 0.029340277777777778
3 0.384765625 0.5333333333333333 0.01162109375 0.030729166666666665
3 0.296875 0.7881944444444444 0.00791015625 0.03767361111111111
2 0.247265625 0.30694444444444446 0.0140625 0.019618055555555555
3 0.35703125 0.35347222222222224 0.00947265625 0.027777777777777776
3 0.778515625 0.7555555555555555 0.0109375 0.022395833333333334
2 0.39921875 0.65 0.00927734375 0.025173611111111112
3 0.349609375 0.4215277777777778 0.0109375 0.019444444444444445
0 0.43125 0.49444444444444446 0.01103515625 0.016666666666666666
2 0.264453125 0.1840277777777778 0.01025390625 0.018229166666666668
3 0.453125 0.6590277777777778 0.009375 0.02065972222222222
3 0.391796875 0.7423611111111111 0.0078125 0.017881944444444443
3 0.41484375 0.21875 0.00478515625 0.009895833333333333
0 0.398046875 0.5590277777777778 0.01162109375 0.018229166666666668