1 0.521484375 0.4048611111111111 0.10625 0.07916666666666666
1 0.246484375 0.3902777777777778 0.0859375 0.08888888888888889
1 0.348828125 0.39444444444444443 0.1 0.06666666666666667
3 0.635546875 0.4131944444444444 0.07578125 0.0875
1 0.420703125 0.37569444444444444 0.0765625 0.06944444444444445
1 0.5828125 0.3701388888888889 0.096875 0.05138888888888889
3 0.501171875 0.44583333333333336 0.0671875 0.07361111111111111
1 0.5734375 0.35694444444444445 0.0921875 0.04027777777777778
1 0.406640625 0.3375 0.0953125 0.03888888888888889
1 0.274609375 0.43333333333333335 0.03828125 0.09027777777777778
1 0.59765625 0.41597222222222224 0.10078125 0.09166666666666666