1 0.266796875 0.5208333333333334 0.03984375 0.03194444444444444
1 0.7890625 0.5541666666666667 0.025 0.043055555555555555
1 0.6484375 0.5041666666666667 0.0359375 0.022222222222222223
1 0.31953125 0.48680555555555555 0.03671875 0.018055555555555554
1 0.830859375 0.46111111111111114 0.02890625 0.019444444444444445
1 0.268359375 0.5576388888888889 0.0171875 0.029166666666666667
1 0.65703125 0.4736111111111111 0.028125 0.016666666666666666
1 0.07421875 0.4625 0.03046875 0.015277777777777777
1 0.95859375 0.48055555555555557 0.0171875 0.022222222222222223
1 0.338671875 0.45902777777777776 0.01953125 0.015277777777777777
1 0.380859375 0.4423611111111111 0.01953125 0.013888888888888888
1 0.102734375 0.4527777777777778 0.028125 0.009722222222222222
1 0.066015625 0.4361111111111111 0.0171875 0.006944444444444444
1 0.0390625 0.42777777777777776 0.01171875 0.006944444444444444
1 0.992578125 0.46319444444444446 0.01484375 0.018055555555555554