2 0.812890625 0.21944444444444444 0.01650390625 0.05572916666666667
0 0.425390625 0.9395833333333333 0.02275390625 0.034895833333333334
2 0.822265625 0.16597222222222222 0.01494140625 0.043229166666666666
0 0.646484375 0.9208333333333333 0.01962890625 0.03333333333333333
0 0.61328125 0.8743055555555556 0.02197265625 0.028993055555555557
0 0.383984375 0.7 0.01875 0.03333333333333333
0 0.68515625 0.80625 0.01572265625 0.03333333333333333
2 0.805078125 0.25555555555555554 0.01181640625 0.03871527777777778
0 0.658984375 0.8180555555555555 0.015625 0.02795138888888889
2 0.544140625 0.68125 0.01318359375 0.025
0 0.98671875 0.5888888888888889 0.00625 0.025
0 0.9953125 0.5777777777777777 0.009375 0.03611111111111111