1 0.68046875 0.5819444444444445 0.027734375 0.03819444444444445
2 0.655859375 0.6875 0.026171875 0.03611111111111111
1 0.740234375 0.8520833333333333 0.022265625 0.03680555555555556
1 0.028125 0.4895833333333333 0.021484375 0.034027777777777775
1 0.794140625 0.6701388888888888 0.0234375 0.03125
1 0.710546875 0.6861111111111111 0.023828125 0.029861111111111113
1 0.318359375 0.4270833333333333 0.016015625 0.041666666666666664
0 0.3390625 0.8090277777777778 0.02578125 0.025694444444444443
1 0.656640625 0.7194444444444444 0.0234375 0.02638888888888889
1 0.77578125 0.8298611111111112 0.01328125 0.04375
1 0.676171875 0.6604166666666667 0.025 0.021527777777777778
1 0.6421875 0.39305555555555555 0.02578125 0.019444444444444445
1 0.43671875 0.6263888888888889 0.0203125 0.024305555555555556
1 0.521875 0.4791666666666667 0.013671875 0.035416666666666666
1 0.672265625 0.66875 0.021484375 0.021527777777777778
1 0.230859375 0.34305555555555556 0.020703125 0.022222222222222223
1 0.6765625 0.3861111111111111 0.012890625 0.03333333333333333
0 0.153125 0.45902777777777776 0.016796875 0.025694444444444443
0 0.17578125 0.4513888888888889 0.024609375 0.017361111111111112
1 0.5625 0.5326388888888889 0.02109375 0.02013888888888889
1 0.37734375 0.5347222222222222 0.019140625 0.021527777777777778
1 0.237890625 0.4513888888888889 0.01875 0.021527777777777778
1 0.579296875 0.39861111111111114 0.012890625 0.03125
1 0.2765625 0.39305555555555555 0.018359375 0.021527777777777778
1 0.762890625 0.8826388888888889 0.008984375 0.04236111111111111
1 0.540234375 0.46597222222222223 0.017578125 0.021527777777777778
1 0.206640625 0.5104166666666666 0.0203125 0.017361111111111112
1 0.618359375 0.36180555555555555 0.011328125 0.03125
1 0.355859375 0.6694444444444444 0.01875 0.017361111111111112
1 0.673046875 0.42083333333333334 0.009765625 0.03263888888888889
1 0.277734375 0.3736111111111111 0.01953125 0.01597222222222222
1 0.569921875 0.49722222222222223 0.01328125 0.02361111111111111
1 0.241015625 0.3548611111111111 0.0125 0.024305555555555556
1 0.258203125 0.49375 0.015625 0.01875
1 0.55 0.5263888888888889 0.0109375 0.027083333333333334
1 0.35703125 0.65 0.011328125 0.025694444444444443
1 0.559375 0.5152777777777777 0.018359375 0.01597222222222222
1 0.51796875 0.5263888888888889 0.015234375 0.016666666666666666
1 0.49140625 0.33055555555555555 0.0140625 0.017361111111111112
1 0.45546875 0.28194444444444444 0.012109375 0.02013888888888889
1 0.6453125 0.3145833333333333 0.008203125 0.025694444444444443
1 0.57578125 0.48541666666666666 0.0078125 0.025
1 0.619140625 0.3902777777777778 0.01015625 0.015277777777777777
1 0.595703125 0.43194444444444446 0.006640625 0.022916666666666665
1 0.45234375 0.32708333333333334 0.005859375 0.022916666666666665
0 0.437109375 0.4222222222222222 0.017578125 0.017361111111111112