0 0.594921875 0.2659722222222222 0.02744140625 0.07621527777777778
2 0.3609375 0.9263888888888889 0.021875 0.041840277777777775
0 0.080078125 0.27569444444444446 0.02255859375 0.04010416666666667
3 0.059765625 0.3347222222222222 0.01474609375 0.04982638888888889
2 0.192578125 0.3576388888888889 0.01474609375 0.041666666666666664
2 0.247265625 0.7416666666666667 0.0140625 0.03333333333333333
2 0.25078125 0.4576388888888889 0.01103515625 0.030555555555555555
2 0.33125 0.9576388888888889 0.0125 0.02621527777777778
2 0.344921875 0.65625 0.0125 0.0234375
2 0.276171875 0.58125 0.00849609375 0.021006944444444446
2 0.269921875 0.13125 0.01005859375 0.018229166666666668
2 0.234765625 0.15138888888888888 0.00849609375 0.019270833333333334
2 0.352734375 0.8333333333333334 0.00625 0.022222222222222223
3 0.32734375 0.8166666666666667 0.03896484375 0.041666666666666664