3 0.06171875 0.8645833333333334 0.08291015625 0.15121527777777777
3 0.551953125 0.5604166666666667 0.059375 0.20399305555555555
3 0.490234375 0.5270833333333333 0.06162109375 0.10121527777777778
3 0.44453125 0.8645833333333334 0.04072265625 0.10434027777777778
3 0.629296875 0.5618055555555556 0.03818359375 0.09444444444444444
3 0.551953125 0.7020833333333333 0.0328125 0.08177083333333333
3 0.6015625 0.5986111111111111 0.02802734375 0.06111111111111111
0 0.600390625 0.4895833333333333 0.034375 0.04565972222222222
3 0.305078125 0.9423611111111111 0.0265625 0.05434027777777778
0 0.564453125 0.6444444444444445 0.03037109375 0.04739583333333333
3 0.504296875 0.6597222222222222 0.02568359375 0.05260416666666667
0 0.584765625 0.7284722222222222 0.03525390625 0.03177083333333333
0 0.501171875 0.4652777777777778 0.021875 0.05
0 0.491015625 0.27847222222222223 0.03212890625 0.029340277777777778
2 0.47578125 0.24097222222222223 0.01884765625 0.044444444444444446
0 0.282421875 0.7229166666666667 0.01787109375 0.04600694444444445
3 0.142578125 0.3229166666666667 0.01494140625 0.05277777777777778
0 0.349609375 0.11597222222222223 0.01962890625 0.04010416666666667
0 0.46328125 0.4548611111111111 0.01708984375 0.041666666666666664
3 0.300390625 0.6881944444444444 0.0140625 0.0484375
3 0.516015625 0.6 0.01318359375 0.05
2 0.312890625 0.8673611111111111 0.01787109375 0.034895833333333334
3 0.409375 0.8902777777777777 0.02021484375 0.030555555555555555
2 0.31953125 0.7909722222222222 0.01875 0.03177083333333333
2 0.676953125 0.49236111111111114 0.01025390625 0.05555555555555555
3 0.065234375 0.3125 0.0125 0.041493055555555554
0 0.325390625 0.9798611111111111 0.0203125 0.025
0 0.146875 0.94375 0.01708984375 0.029340277777777778
0 0.536328125 0.4395833333333333 0.01630859375 0.030555555555555555
3 0.169140625 0.26944444444444443 0.0125 0.036284722222222225
3 0.2125 0.8041666666666667 0.0140625 0.03333333333333333
0 0.641796875 0.9611111111111111 0.02099609375 0.022222222222222223
2 0.549609375 0.7659722222222223 0.015625 0.0265625
2 0.401953125 0.8479166666666667 0.01474609375 0.0265625
3 0.142578125 0.2361111111111111 0.01494140625 0.019270833333333334
0 0.290234375 0.8104166666666667 0.01650390625 0.01545138888888889
3 0.5625 0.34791666666666665 0.01396484375 0.02065972222222222
2 0.45859375 0.39375 0.01728515625 0.015104166666666667
3 0.484375 0.6604166666666667 0.01103515625 0.02065972222222222
2 0.405078125 0.80625 0.01025390625 0.022222222222222223
2 0.5296875 0.7173611111111111 0.0109375 0.022222222222222223
3 0.198828125 0.8118055555555556 0.009375 0.02378472222222222
3 0.466796875 0.6555555555555556 0.01005859375 0.019444444444444445
3 0.500390625 0.6951388888888889 0.0125 0.015104166666666667
3 0.813671875 0.9159722222222222 0.00869140625 0.019444444444444445
3 0.1078125 0.8138888888888889 0.00771484375 0.019444444444444445
3 0.156640625 0.8826388888888889 0.00869140625 0.015104166666666667
3 0.86640625 0.9722222222222222 0.00771484375 0.016666666666666666
3 0.53203125 0.41805555555555557 0.00947265625 0.011284722222222222
3 0.484375 0.6861111111111111 0.00927734375 0.0109375
3 0.497265625 0.66875 0.00625 0.012673611111111111
3 0.759765625 0.9715277777777778 0.01875 0.04722222222222222