3 0.844140625 0.7458333333333333 0.051171875 0.11180555555555556
3 0.1921875 0.34375 0.0203125 0.05555555555555555
2 0.762890625 0.71875 0.021875 0.050694444444444445
3 0.760546875 0.3229166666666667 0.030859375 0.03333333333333333
3 0.40390625 0.09513888888888888 0.0234375 0.03680555555555556
2 0.362109375 0.13680555555555557 0.020703125 0.029861111111111113
2 0.723046875 0.7923611111111111 0.021875 0.027777777777777776
3 0.186328125 0.44027777777777777 0.014453125 0.03958333333333333
3 0.758984375 0.7701388888888889 0.017578125 0.02847222222222222
2 0.497265625 0.35 0.013671875 0.024305555555555556
2 0.320703125 0.1423611111111111 0.010546875 0.024305555555555556