2 0.238671875 0.42291666666666666 0.037890625 0.06458333333333334
2 0.739453125 0.47708333333333336 0.037890625 0.05277777777777778
2 0.207421875 0.21458333333333332 0.021875 0.08055555555555556
2 0.198046875 0.35208333333333336 0.016015625 0.06319444444444444
2 0.027734375 0.7131944444444445 0.016796875 0.03611111111111111
2 0.460546875 0.9763888888888889 0.027734375 0.022222222222222223
2 0.80390625 0.29097222222222224 0.012109375 0.04375
2 0.176953125 0.15902777777777777 0.013671875 0.03611111111111111
2 0.0609375 0.33541666666666664 0.026171875 0.017361111111111112
2 0.946875 0.2652777777777778 0.016015625 0.027777777777777776
2 0.85546875 0.27847222222222223 0.0125 0.035416666666666666
2 0.025390625 0.3701388888888889 0.015625 0.022222222222222223
2 0.827734375 0.30972222222222223 0.009375 0.027777777777777776
2 0.377734375 0.31805555555555554 0.0328125 0.02847222222222222