1 0.246484375 0.8902777777777777 0.02255859375 0.058333333333333334
1 0.44453125 0.5402777777777777 0.03115234375 0.036284722222222225
1 0.4234375 0.5506944444444445 0.02353515625 0.04565972222222222
1 0.459765625 0.5618055555555556 0.03349609375 0.03211805555555555
1 0.096875 0.9027777777777778 0.0203125 0.05260416666666667
1 0.2625 0.8881944444444444 0.01884765625 0.05399305555555556
1 0.572265625 0.6013888888888889 0.01787109375 0.04461805555555556
1 0.43828125 0.6569444444444444 0.0232421875 0.03350694444444444
1 0.08125 0.7777777777777778 0.01728515625 0.044270833333333336
1 0.51015625 0.6930555555555555 0.02021484375 0.03611111111111111
1 0.45546875 0.9097222222222222 0.02353515625 0.030208333333333334
1 0.6671875 0.6375 0.02958984375 0.022048611111111113
1 0.34375 0.7194444444444444 0.0126953125 0.041840277777777775
1 0.68828125 0.5576388888888889 0.015625 0.03454861111111111
1 0.442578125 0.5708333333333333 0.01787109375 0.030381944444444444
1 0.427734375 0.48680555555555555 0.01162109375 0.04565972222222222
1 0.590625 0.6638888888888889 0.0123046875 0.041666666666666664
1 0.4421875 0.6361111111111111 0.02666015625 0.017013888888888887
1 0.4390625 0.48333333333333334 0.01103515625 0.041840277777777775
1 0.46796875 0.4201388888888889 0.01103515625 0.04027777777777778
1 0.426171875 0.5798611111111112 0.028125 0.01545138888888889
1 0.58125 0.3541666666666667 0.0123046875 0.036458333333333336
1 0.423828125 0.6416666666666667 0.01025390625 0.041493055555555554
1 0.373828125 0.4263888888888889 0.01162109375 0.03611111111111111
1 0.65625 0.4340277777777778 0.01240234375 0.03333333333333333
1 0.907421875 0.3527777777777778 0.02900390625 0.013715277777777778
1 0.518359375 0.5173611111111112 0.01171875 0.03333333333333333
1 0.670703125 0.60625 0.01005859375 0.03732638888888889
1 0.51640625 0.6020833333333333 0.0138671875 0.02638888888888889
1 0.567578125 0.4048611111111111 0.01318359375 0.02621527777777778
1 0.862109375 0.21875 0.01494140625 0.0234375
1 0.98359375 0.34375 0.0236328125 0.012673611111111111
1 0.518359375 0.5673611111111111 0.02568359375 0.012673611111111111
1 0.612109375 0.5034722222222222 0.009375 0.03454861111111111
1 0.861328125 0.22847222222222222 0.01630859375 0.019444444444444445
1 0.662109375 0.4444444444444444 0.01171875 0.025173611111111112
1 0.430859375 0.5680555555555555 0.01494140625 0.019270833333333334
1 0.79140625 0.36319444444444443 0.01552734375 0.018229166666666668
1 0.8765625 0.2375 0.01103515625 0.024826388888888887
1 0.605078125 0.49722222222222223 0.00849609375 0.030381944444444444
1 0.357421875 0.48055555555555557 0.00693359375 0.025
1 0.8765625 0.2604166666666667 0.00927734375 0.018055555555555554
1 0.5890625 0.3597222222222222 0.00625 0.025173611111111112
1 0.9078125 0.24861111111111112 0.00634765625 0.022395833333333334
1 0.8703125 0.21319444444444444 0.0109375 0.009722222222222222
2 0.852734375 0.6486111111111111 0.00869140625 0.005729166666666666