3 0.562890625 0.76875 0.02099609375 0.03454861111111111
0 0.53359375 0.32083333333333336 0.0125 0.02795138888888889
0 0.109765625 0.7798611111111111 0.01181640625 0.0265625
1 0.549609375 0.7743055555555556 0.02119140625 0.03333333333333333
0 0.340234375 0.95625 0.01943359375 0.03333333333333333
3 0.501171875 0.4708333333333333 0.009375 0.019618055555555555
3 0.591796875 0.9756944444444444 0.01318359375 0.022222222222222223
3 0.5609375 0.6486111111111111 0.00478515625 0.0140625
3 0.5515625 0.6659722222222222 0.00791015625 0.015104166666666667
3 0.5515625 0.7673611111111112 0.00615234375 0.009548611111111112
2 0.6265625 0.7048611111111112 0.00927734375 0.01545138888888889
3 0.08125 0.6847222222222222 0.00322265625 0.008333333333333333