2 0.56484375 0.7763888888888889 0.040625 0.07482638888888889
2 0.612109375 0.8340277777777778 0.03369140625 0.044444444444444446
2 0.5375 0.5180555555555556 0.01875 0.04982638888888889
2 0.75703125 0.7041666666666667 0.02666015625 0.03333333333333333
2 0.546875 0.7229166666666667 0.02041015625 0.041666666666666664
2 0.213671875 0.7729166666666667 0.01806640625 0.030555555555555555
2 0.871875 0.8909722222222223 0.015625 0.03333333333333333
3 0.578515625 0.7173611111111111 0.02412109375 0.017881944444444443
2 0.59296875 0.6305555555555555 0.01396484375 0.027604166666666666
2 0.593359375 0.4625 0.01181640625 0.02795138888888889
2 0.269140625 0.6534722222222222 0.0109375 0.02621527777777778
2 0.56171875 0.7229166666666667 0.01103515625 0.0234375
2 0.266015625 0.9618055555555556 0.0109375 0.017881944444444443
2 0.478515625 0.9354166666666667 0.01162109375 0.016666666666666666
2 0.517578125 0.3229166666666667 0.01162109375 0.01545138888888889
2 0.472265625 0.6576388888888889 0.00869140625 0.01545138888888889
2 0.792578125 0.5826388888888889 0.00693359375 0.02065972222222222
2 0.768359375 0.6076388888888888 0.0046875 0.029340277777777778
2 0.746484375 0.8194444444444444 0.00556640625 0.019270833333333334
2 0.258203125 0.96875 0.009375 0.011111111111111112
2 0.741796875 0.6340277777777777 0.00537109375 0.013888888888888888
3 0.226953125 0.22430555555555556 0.025 0.13489583333333333