3 0.293359375 0.9020833333333333 0.0296875 0.08958333333333333
0 0.419140625 0.6826388888888889 0.0234375 0.09652777777777778
2 0.142578125 0.40694444444444444 0.027734375 0.05763888888888889
0 0.3140625 0.53125 0.023046875 0.06041666666666667
0 0.2921875 0.3923611111111111 0.015625 0.050694444444444445
2 0.319140625 0.36875 0.016796875 0.03888888888888889
2 0.516015625 0.6715277777777777 0.0140625 0.04375
2 0.661328125 0.38125 0.01875 0.030555555555555555
0 0.36953125 0.4340277777777778 0.018359375 0.03125
0 0.316796875 0.4409722222222222 0.014453125 0.02013888888888889
2 0.171484375 0.34930555555555554 0.019921875 0.013194444444444444
0 0.337109375 0.60625 0.008984375 0.027777777777777776
2 0.59609375 0.56875 0.009765625 0.022222222222222223
2 0.226171875 0.3958333333333333 0.008984375 0.021527777777777778
2 0.28828125 0.21597222222222223 0.009765625 0.01875
2 0.886328125 0.5229166666666667 0.007421875 0.02013888888888889