2 0.812890625 0.21944444444444444 0.016796875 0.05625
0 0.425390625 0.9395833333333333 0.023046875 0.035416666666666666
2 0.822265625 0.16597222222222222 0.015234375 0.04375
0 0.646484375 0.9208333333333333 0.019921875 0.03333333333333333
0 0.61328125 0.8743055555555556 0.022265625 0.02847222222222222
0 0.383984375 0.7 0.01875 0.03333333333333333
0 0.68515625 0.80625 0.016015625 0.03333333333333333
2 0.805078125 0.25555555555555554 0.012109375 0.03819444444444445
0 0.658984375 0.8180555555555555 0.015625 0.02847222222222222
2 0.544140625 0.68125 0.012890625 0.025
0 0.98671875 0.5888888888888889 0.00625 0.025
0 0.9953125 0.5777777777777777 0.009375 0.03611111111111111