2 0.261328125 0.63125 0.0359375 0.06944444444444445
2 0.379296875 0.2513888888888889 0.030859375 0.06180555555555556
2 0.507421875 0.5215277777777778 0.029296875 0.05277777777777778
2 0.514453125 0.28958333333333336 0.027734375 0.05486111111111111
2 0.547265625 0.5861111111111111 0.024609375 0.04722222222222222
2 0.519140625 0.4388888888888889 0.016796875 0.03888888888888889
2 0.470703125 0.14652777777777778 0.015234375 0.029861111111111113
2 0.360546875 0.31319444444444444 0.019140625 0.021527777777777778
2 0.331640625 0.3284722222222222 0.0140625 0.027777777777777776
2 0.822265625 0.5395833333333333 0.013671875 0.017361111111111112
2 0.8375 0.5583333333333333 0.018359375 0.025