2 0.791796875 0.6722222222222223 0.01962890625 0.04739583333333333
2 0.63125 0.6548611111111111 0.01552734375 0.028993055555555557
2 0.851953125 0.6708333333333333 0.015625 0.027604166666666666
2 0.82421875 0.7583333333333333 0.0125 0.022395833333333334
2 0.369921875 0.41875 0.00693359375 0.03454861111111111
2 0.719140625 0.19791666666666666 0.0125 0.016666666666666666
2 0.840234375 0.6409722222222223 0.00869140625 0.02378472222222222
2 0.859765625 0.79375 0.00849609375 0.022222222222222223
2 0.614453125 0.7541666666666667 0.00869140625 0.019270833333333334
2 0.838671875 0.7013888888888888 0.00693359375 0.024826388888888887
2 0.747265625 0.9604166666666667 0.00869140625 0.017881944444444443
2 0.69921875 0.6979166666666666 0.00947265625 0.015104166666666667
2 0.670703125 0.8777777777777778 0.00693359375 0.016666666666666666
2 0.639453125 0.6993055555555555 0.0140625 0.008333333333333333
2 0.083984375 0.5270833333333333 0.00556640625 0.02065972222222222
2 0.71796875 0.2326388888888889 0.00478515625 0.013888888888888888
2 0.605859375 0.5111111111111111 0.00537109375 0.008506944444444444