3 0.541015625 0.41388888888888886 0.0640625 0.11944444444444445
3 0.911328125 0.8625 0.0359375 0.12708333333333333
3 0.548046875 0.7659722222222223 0.051953125 0.08333333333333333
0 0.401171875 0.675 0.034375 0.059027777777777776
3 0.571484375 0.8451388888888889 0.045703125 0.04375
3 0.644921875 0.6715277777777777 0.027734375 0.059027777777777776
0 0.492578125 0.44375 0.027734375 0.04652777777777778
3 0.010546875 0.6298611111111111 0.019140625 0.06180555555555556
0 0.416796875 0.14930555555555555 0.028125 0.03958333333333333
0 0.718359375 0.17083333333333334 0.025390625 0.03819444444444445
0 0.110546875 0.21180555555555555 0.020703125 0.04513888888888889
0 0.415625 0.925 0.019140625 0.04722222222222222
3 0.035546875 0.7375 0.015625 0.05486111111111111
3 0.585546875 0.8083333333333333 0.025390625 0.029861111111111113
3 0.578515625 0.7729166666666667 0.0203125 0.03611111111111111
0 0.685546875 0.9097222222222222 0.026953125 0.027083333333333334
3 0.119140625 0.5576388888888889 0.015625 0.04513888888888889
0 0.277734375 0.5840277777777778 0.0171875 0.03958333333333333
0 0.807421875 0.1951388888888889 0.0171875 0.03611111111111111
0 0.131640625 0.6 0.017578125 0.024305555555555556
3 0.397265625 0.46597222222222223 0.010546875 0.04097222222222222
0 0.1171875 0.7784722222222222 0.016015625 0.025694444444444443
0 0.512109375 0.5215277777777778 0.013671875 0.025694444444444443
3 0.125390625 0.6270833333333333 0.015625 0.021527777777777778
3 0.16796875 0.7868055555555555 0.009375 0.03680555555555556
3 0.1015625 0.7243055555555555 0.013671875 0.025
0 0.044140625 0.17916666666666667 0.0109375 0.02847222222222222
2 0.110546875 0.2548611111111111 0.015234375 0.021527777777777778
0 0.125390625 0.8027777777777778 0.011328125 0.022222222222222223
0 0.501953125 0.41875 0.010546875 0.024305555555555556
0 0.081640625 0.7430555555555556 0.0109375 0.021527777777777778
2 0.144140625 0.8409722222222222 0.005859375 0.041666666666666664
0 0.38125 0.08402777777777778 0.009375 0.022916666666666665
0 0.191015625 0.8048611111111111 0.0078125 0.025694444444444443
0 0.466796875 0.05763888888888889 0.012890625 0.01597222222222222
0 0.1953125 0.6534722222222222 0.008984375 0.021527777777777778
3 0.605078125 0.6368055555555555 0.008203125 0.019444444444444445
3 0.054296875 0.5659722222222222 0.009765625 0.01597222222222222
3 0.801953125 0.6743055555555556 0.009375 0.014583333333333334
0 0.413671875 0.04097222222222222 0.0125 0.011111111111111112
0 0.100390625 0.34930555555555554 0.0078125 0.017361111111111112
0 0.392578125 0.05763888888888889 0.009765625 0.013194444444444444
3 0.207421875 0.65625 0.005859375 0.019444444444444445
3 0.583984375 0.6659722222222222 0.0078125 0.013888888888888888
3 0.125390625 0.15625 0.009375 0.010416666666666666
3 0.05703125 0.5270833333333333 0.005859375 0.016666666666666666
3 0.13828125 0.7638888888888888 0.005859375 0.013888888888888888
2 0.134765625 0.8958333333333334 0.005859375 0.014583333333333334
2 0.315234375 0.15347222222222223 0.0046875 0.014583333333333334
3 0.051171875 0.5923611111111111 0.004296875 0.010416666666666666
2 0.151171875 0.9361111111111111 0.03125 0.05