3 0.951953125 0.9118055555555555 0.043359375 0.1
3 0.8796875 0.40902777777777777 0.044140625 0.06875
3 0.325 0.25069444444444444 0.033984375 0.08125
3 0.237890625 0.23472222222222222 0.032421875 0.0798611111111111
3 0.798046875 0.73125 0.0296875 0.08263888888888889
3 0.2984375 0.3215277777777778 0.041796875 0.04652777777777778
2 0.473828125 0.7090277777777778 0.026953125 0.06597222222222222
0 0.209375 0.15 0.023046875 0.05555555555555555
3 0.906640625 0.8083333333333333 0.027734375 0.04236111111111111
2 0.44453125 0.49930555555555556 0.019921875 0.058333333333333334
3 0.454296875 0.41180555555555554 0.028125 0.035416666666666666
2 0.427734375 0.4131944444444444 0.0203125 0.04513888888888889
2 0.188671875 0.20277777777777778 0.016015625 0.052083333333333336
3 0.457421875 0.22569444444444445 0.0140625 0.058333333333333334
2 0.421484375 0.6104166666666667 0.026953125 0.030555555555555555
2 0.401171875 0.6208333333333333 0.016796875 0.03680555555555556
3 0.334765625 0.37569444444444444 0.015234375 0.03611111111111111
2 0.3875 0.5708333333333333 0.016796875 0.022916666666666665
3 0.509375 0.46805555555555556 0.019921875 0.019444444444444445
2 0.682421875 0.5743055555555555 0.014453125 0.024305555555555556
3 0.477734375 0.5402777777777777 0.014453125 0.019444444444444445
2 0.176953125 0.24166666666666667 0.008984375 0.025694444444444443
2 0.373046875 0.4236111111111111 0.010546875 0.021527777777777778
2 0.387890625 0.4527777777777778 0.008203125 0.024305555555555556
3 0.410546875 0.5159722222222223 0.008984375 0.021527777777777778
2 0.750390625 0.2965277777777778 0.009765625 0.013888888888888888
3 0.376171875 0.5993055555555555 0.005859375 0.021527777777777778
2 0.202734375 0.24097222222222223 0.00625 0.010416666666666666
2 0.194921875 0.25069444444444444 0.003515625 0.011805555555555555