0 0.7390625 0.7965277777777777 0.021875 0.04791666666666667
0 0.191015625 0.5472222222222223 0.03125 0.050694444444444445
0 0.73359375 0.3138888888888889 0.023828125 0.025
3 0.718359375 0.7847222222222222 0.012109375 0.04513888888888889
3 0.50859375 0.3298611111111111 0.021484375 0.03819444444444445
3 0.856640625 0.7090277777777778 0.015234375 0.029861111111111113
2 0.48359375 0.7548611111111111 0.030078125 0.03263888888888889
2 0.301171875 0.8631944444444445 0.015625 0.007638888888888889
0 0.879296875 0.3840277777777778 0.008203125 0.014583333333333334
3 0.612890625 0.74375 0.00625 0.01597222222222222
3 0.441015625 0.8430555555555556 0.006640625 0.010416666666666666
2 0.819140625 0.3659722222222222 0.0078125 0.008333333333333333
3 0.598046875 0.3888888888888889 0.0125 0.021527777777777778
2 0.934765625 0.6527777777777778 0.005859375 0.010416666666666666
3 0.779296875 0.43819444444444444 0.005078125 0.009027777777777777
2 0.034765625 0.8493055555555555 0.008203125 0.02013888888888889