0 0.42265625 0.9715277777777778 0.028515625 0.05555555555555555
2 0.196484375 0.5597222222222222 0.019140625 0.05
2 0.207421875 0.7409722222222223 0.016015625 0.052083333333333336
2 0.25625 0.39791666666666664 0.0140625 0.052083333333333336
2 0.1171875 0.9256944444444445 0.011328125 0.04375
2 0.162109375 0.9125 0.015234375 0.03263888888888889
2 0.022265625 0.2298611111111111 0.011328125 0.03333333333333333
2 0.2125 0.5840277777777778 0.012109375 0.030555555555555555
2 0.02421875 0.39166666666666666 0.005859375 0.041666666666666664
2 0.023828125 0.9451388888888889 0.008984375 0.025
2 0.0828125 0.4361111111111111 0.009765625 0.021527777777777778
2 0.20625 0.6354166666666666 0.008984375 0.024305555555555556
2 0.044921875 0.9868055555555556 0.008203125 0.025
2 0.233984375 0.4326388888888889 0.0125 0.014583333333333334
2 0.151953125 0.8402777777777778 0.008984375 0.017361111111111112
2 0.241015625 0.3076388888888889 0.006640625 0.021527777777777778
2 0.11953125 0.8895833333333333 0.006640625 0.019444444444444445
2 0.1296875 0.8930555555555556 0.006640625 0.016666666666666666
2 0.240625 0.4534722222222222 0.006640625 0.016666666666666666
2 0.262109375 0.32430555555555557 0.005859375 0.014583333333333334
2 0.300390625 0.19722222222222222 0.0078125 0.010416666666666666
2 0.209375 0.6569444444444444 0.00625 0.011805555555555555
2 0.016015625 0.9076388888888889 0.0046875 0.011111111111111112
2 0.209765625 0.33958333333333335 0.0046875 0.009027777777777777
2 0.026953125 0.36180555555555555 0.003515625 0.008333333333333333