2 0.4953125 0.46041666666666664 0.03115234375 0.0515625
0 0.312890625 0.6479166666666667 0.02568359375 0.04878472222222222
3 0.483984375 0.49583333333333335 0.02900390625 0.030555555555555555
2 0.61171875 0.7604166666666666 0.01865234375 0.04010416666666667
0 0.634765625 0.96875 0.01943359375 0.03767361111111111
0 0.366796875 0.9631944444444445 0.01787109375 0.03888888888888889
3 0.464453125 0.2861111111111111 0.015625 0.03611111111111111
0 0.599609375 0.6736111111111112 0.015625 0.027604166666666666
3 0.50234375 0.37430555555555556 0.00927734375 0.027777777777777776
3 0.48046875 0.4701388888888889 0.0109375 0.022222222222222223
2 0.520703125 0.35208333333333336 0.01162109375 0.02065972222222222
0 0.185546875 0.5381944444444444 0.01162109375 0.02065972222222222
3 0.283984375 0.5979166666666667 0.0078125 0.027777777777777776
3 0.497265625 0.4097222222222222 0.01162109375 0.016493055555555556
3 0.492578125 0.29583333333333334 0.009375 0.016840277777777777
2 0.966796875 0.34375 0.00849609375 0.017881944444444443
3 0.686328125 0.42916666666666664 0.00712890625 0.016840277777777777
3 0.321484375 0.8548611111111111 0.01005859375 0.012673611111111111
3 0.5546875 0.22569444444444445 0.00458984375 0.028993055555555557
3 0.9546875 0.39652777777777776 0.00625 0.019444444444444445
3 0.332421875 0.7902777777777777 0.00556640625 0.019270833333333334
3 0.503125 0.2152777777777778 0.00927734375 0.011111111111111112
3 0.488671875 0.3333333333333333 0.00712890625 0.013715277777777778
3 0.3640625 0.7513888888888889 0.00478515625 0.016840277777777777
3 0.59453125 0.7444444444444445 0.00625 0.013888888888888888
3 0.33828125 0.35347222222222224 0.00634765625 0.012326388888888888
2 0.498046875 0.42291666666666666 0.00556640625 0.012673611111111111
3 0.694921875 0.3854166666666667 0.00625 0.012326388888888888
3 0.980078125 0.31875 0.00537109375 0.013888888888888888
3 0.3578125 0.6951388888888889 0.00615234375 0.009895833333333333
3 0.299609375 0.4048611111111111 0.00625 0.009548611111111112
3 0.398046875 0.27847222222222223 0.0046875 0.012326388888888888
3 0.315234375 0.8694444444444445 0.003125 0.016493055555555556
3 0.519921875 0.4340277777777778 0.00556640625 0.008333333333333333
3 0.51640625 0.4618055555555556 0.00322265625 0.012326388888888888
3 0.546484375 0.28055555555555556 0.0046875 0.008506944444444444
3 0.2890625 0.4284722222222222 0.00615234375 0.0067708333333333336
3 0.543359375 0.3236111111111111 0.0046875 0.005729166666666666
3 0.482421875 0.22847222222222222 0.0046875 0.0067708333333333336
3 0.522265625 0.32222222222222224 0.00224609375 0.005555555555555556
3 0.36484375 0.21944444444444444 0.00458984375 0.019270833333333334