0 0.829296875 0.94375 0.04287109375 0.08333333333333333
0 0.738671875 0.8458333333333333 0.0421875 0.07482638888888889
0 0.583203125 0.21458333333333332 0.07099609375 0.043229166666666666
0 0.74296875 0.9118055555555555 0.03916015625 0.06267361111111111
0 0.632421875 0.6652777777777777 0.03505859375 0.06961805555555556
0 0.617578125 0.4236111111111111 0.0359375 0.058506944444444445
3 0.790234375 0.8395833333333333 0.01494140625 0.13177083333333334
3 0.794921875 0.6229166666666667 0.03193359375 0.05
3 0.650390625 0.5243055555555556 0.021875 0.05555555555555555
0 0.633203125 0.9659722222222222 0.028125 0.043229166666666666
0 0.65390625 0.5770833333333333 0.0203125 0.059895833333333336
0 0.606640625 0.3527777777777778 0.02119140625 0.044270833333333336
3 0.9578125 0.9097222222222222 0.00947265625 0.09427083333333333
0 0.648828125 0.3902777777777778 0.03193359375 0.025173611111111112
0 0.6375 0.3020833333333333 0.01552734375 0.051215277777777776
0 0.751953125 0.9791666666666666 0.01650390625 0.041666666666666664
0 0.419140625 0.5215277777777778 0.02099609375 0.029340277777777778
3 0.85703125 0.39652777777777776 0.01875 0.03211805555555555
3 0.7796875 0.9673611111111111 0.02021484375 0.028993055555555557
0 0.858203125 0.32708333333333334 0.01005859375 0.05434027777777778
0 0.9078125 0.4826388888888889 0.01572265625 0.03454861111111111
0 0.91328125 0.53125 0.0125 0.041666666666666664
0 0.80859375 0.7020833333333333 0.01708984375 0.02378472222222222
0 0.0359375 0.47847222222222224 0.0109375 0.034895833333333334
0 0.730078125 0.1451388888888889 0.015625 0.02065972222222222
1 0.623828125 0.24444444444444444 0.01630859375 0.019444444444444445
0 0.808203125 0.7381944444444445 0.00849609375 0.03611111111111111
0 0.67265625 0.5270833333333333 0.00947265625 0.028993055555555557
0 0.63203125 0.5854166666666667 0.0109375 0.02378472222222222
0 0.656640625 0.4888888888888889 0.0125 0.019618055555555555
0 0.76328125 0.45694444444444443 0.0125 0.019444444444444445
0 0.476171875 0.63125 0.01494140625 0.01545138888888889
2 0.768359375 0.8145833333333333 0.0109375 0.021006944444444446
0 0.777734375 0.3277777777777778 0.0078125 0.025173611111111112
3 0.522265625 0.6180555555555556 0.01025390625 0.0140625
0 0.609765625 0.48541666666666666 0.00712890625 0.01545138888888889
0 0.83984375 0.48541666666666666 0.0046875 0.025
0 0.66953125 0.15763888888888888 0.009375 0.025