2 0.610546875 0.3013888888888889 0.034375 0.04375
1 0.80234375 0.8034722222222223 0.0296875 0.04097222222222222
2 0.194140625 0.5958333333333333 0.025 0.044444444444444446
2 0.48828125 0.24444444444444444 0.022265625 0.04722222222222222
2 0.080859375 0.7930555555555555 0.013671875 0.04652777777777778
2 0.12578125 0.50625 0.012109375 0.04513888888888889
2 0.263671875 0.39166666666666666 0.015625 0.02847222222222222
2 0.198046875 0.6993055555555555 0.015234375 0.024305555555555556
2 0.276953125 0.9631944444444445 0.0140625 0.025694444444444443
2 0.305859375 0.21388888888888888 0.0125 0.027777777777777776
2 0.795703125 0.7479166666666667 0.012109375 0.027777777777777776
2 0.855859375 0.8284722222222223 0.011328125 0.025694444444444443
2 0.88671875 0.8138888888888889 0.011328125 0.025694444444444443
2 0.464453125 0.9013888888888889 0.013671875 0.01875
2 0.06875 0.28888888888888886 0.008984375 0.022916666666666665
2 0.2171875 0.3263888888888889 0.008203125 0.024305555555555556
2 0.045703125 0.4638888888888889 0.007421875 0.02013888888888889