2 0.610546875 0.3013888888888889 0.034375 0.044270833333333336
1 0.80234375 0.8034722222222223 0.0296875 0.04045138888888889
2 0.194140625 0.5958333333333333 0.025 0.044444444444444446
2 0.48828125 0.24444444444444444 0.02197265625 0.04722222222222222
2 0.080859375 0.7930555555555555 0.01337890625 0.04704861111111111
2 0.12578125 0.50625 0.01240234375 0.04565972222222222
2 0.263671875 0.39166666666666666 0.015625 0.02795138888888889
2 0.198046875 0.6993055555555555 0.01494140625 0.02378472222222222
2 0.276953125 0.9631944444444445 0.0140625 0.02621527777777778
2 0.305859375 0.21388888888888888 0.0125 0.027777777777777776
2 0.795703125 0.7479166666666667 0.01181640625 0.027777777777777776
2 0.855859375 0.8284722222222223 0.01162109375 0.02621527777777778
2 0.88671875 0.8138888888888889 0.01103515625 0.025173611111111112
2 0.464453125 0.9013888888888889 0.01337890625 0.019270833333333334
2 0.06875 0.28888888888888886 0.00927734375 0.022395833333333334
2 0.2171875 0.3263888888888889 0.00791015625 0.024826388888888887
2 0.045703125 0.4638888888888889 0.00712890625 0.019618055555555555