0 0.610546875 0.30694444444444446 0.053125 0.08611111111111111
3 0.62421875 0.3819444444444444 0.020703125 0.04236111111111111
2 0.71015625 0.47430555555555554 0.017578125 0.04652777777777778
0 0.7640625 0.25069444444444444 0.028515625 0.05347222222222222
0 0.636328125 0.9756944444444444 0.021484375 0.027777777777777776
3 0.68671875 0.9854166666666667 0.01875 0.02847222222222222
3 0.8140625 0.4166666666666667 0.008203125 0.058333333333333334
0 0.348046875 0.17847222222222223 0.009375 0.05277777777777778
0 0.505078125 0.13819444444444445 0.0125 0.024305555555555556
3 0.8078125 0.51875 0.018359375 0.03333333333333333
3 0.748046875 0.5236111111111111 0.0171875 0.03263888888888889
0 0.39453125 0.8409722222222222 0.011328125 0.022916666666666665
0 0.580078125 0.4284722222222222 0.0171875 0.03125
2 0.606640625 0.6861111111111111 0.018359375 0.05
0 0.3 0.9034722222222222 0.018359375 0.030555555555555555
2 0.553515625 0.9298611111111111 0.007421875 0.024305555555555556
0 0.750390625 0.22708333333333333 0.0125 0.027777777777777776
0 0.227734375 0.6284722222222222 0.013671875 0.024305555555555556
2 0.13203125 0.28541666666666665 0.00625 0.025
3 0.696875 0.8875 0.009765625 0.014583333333333334
3 0.433203125 0.16319444444444445 0.008984375 0.01597222222222222
0 0.541015625 0.8805555555555555 0.008984375 0.01597222222222222
2 0.14140625 0.18194444444444444 0.0078125 0.016666666666666666
3 0.64609375 0.6506944444444445 0.0078125 0.016666666666666666
2 0.673828125 0.775 0.005859375 0.021527777777777778
2 0.452734375 0.20625 0.0125 0.021527777777777778
2 0.492578125 0.9569444444444445 0.010546875 0.011111111111111112
3 0.16171875 0.13680555555555557 0.0078125 0.013888888888888888
1 0.432421875 0.7965277777777777 0.010546875 0.025694444444444443
2 0.366796875 0.8409722222222222 0.006640625 0.014583333333333334
2 0.576953125 0.6548611111111111 0.013671875 0.022222222222222223
2 0.110546875 0.6618055555555555 0.0046875 0.01875
2 0.553515625 0.9868055555555556 0.0109375 0.025694444444444443
3 0.62578125 0.7833333333333333 0.005859375 0.014583333333333334
2 0.451953125 0.2326388888888889 0.0078125 0.010416666666666666
2 0.49609375 0.5111111111111111 0.005078125 0.01597222222222222
2 0.525 0.8881944444444444 0.016015625 0.004861111111111111
3 0.3328125 0.8826388888888889 0.009765625 0.016666666666666666
1 0.277734375 0.5333333333333333 0.00625 0.011805555555555555
2 0.441015625 0.4791666666666667 0.007421875 0.010416666666666666
3 0.08828125 0.4756944444444444 0.008984375 0.016666666666666666
3 0.61640625 0.9215277777777777 0.007421875 0.01875
2 0.4578125 0.25069444444444444 0.008984375 0.01597222222222222
2 0.580078125 0.7708333333333334 0.005859375 0.010416666666666666
3 0.580078125 0.47847222222222224 0.003125 0.01597222222222222
2 0.66328125 0.7958333333333333 0.0046875 0.011111111111111112
2 0.458203125 0.23402777777777778 0.008984375 0.02013888888888889
3 0.64765625 0.8590277777777777 0.004296875 0.009027777777777777
3 0.6140625 0.8791666666666667 0.003515625 0.010416666666666666
2 0.533984375 0.9027777777777778 0.009375 0.01597222222222222
3 0.181640625 0.14652777777777778 0.006640625 0.013194444444444444
2 0.683203125 0.8180555555555555 0.003125 0.010416666666666666
2 0.666015625 0.8145833333333333 0.002734375 0.010416666666666666
3 0.626953125 0.9458333333333333 0.003515625 0.00625
2 0.543359375 0.5611111111111111 0.005078125 0.008333333333333333