2 0.970703125 0.6215277777777778 0.0265625 0.08333333333333333
2 0.853515625 0.6611111111111111 0.021875 0.05625
2 0.212890625 0.5798611111111112 0.027734375 0.04236111111111111
2 0.294140625 0.7847222222222222 0.026171875 0.04375
2 0.95859375 0.3645833333333333 0.0203125 0.050694444444444445
2 0.924609375 0.7125 0.019140625 0.04513888888888889
2 0.986328125 0.48194444444444445 0.014453125 0.02847222222222222
2 0.919140625 0.5840277777777778 0.0140625 0.02847222222222222
2 0.907421875 0.29791666666666666 0.0140625 0.025694444444444443
2 0.980078125 0.93125 0.0140625 0.022916666666666665
2 0.933984375 0.6409722222222223 0.0125 0.025
2 0.994140625 0.8277777777777777 0.011328125 0.027083333333333334
2 0.894140625 0.8423611111111111 0.0109375 0.022916666666666665
2 0.916015625 0.8666666666666667 0.0125 0.01875
2 0.938671875 0.5875 0.007421875 0.03125
2 0.89140625 0.8645833333333334 0.009375 0.024305555555555556
2 0.955078125 0.9326388888888889 0.0125 0.017361111111111112
2 0.95859375 0.8173611111111111 0.012109375 0.01875
2 0.94453125 0.7972222222222223 0.009375 0.021527777777777778
2 0.978125 0.9034722222222222 0.0078125 0.014583333333333334
2 0.927734375 0.8388888888888889 0.0109375 0.009027777777777777
2 0.368359375 0.5944444444444444 0.030859375 0.04652777777777778