3 0.299609375 0.6222222222222222 0.0515625 0.06458333333333334
3 0.817578125 0.3701388888888889 0.032421875 0.08055555555555556
3 0.88359375 0.25763888888888886 0.045703125 0.04722222222222222
0 0.67578125 0.14444444444444443 0.0296875 0.04791666666666667
0 0.580078125 0.8104166666666667 0.0265625 0.052083333333333336
3 0.12109375 0.8965277777777778 0.021875 0.05625
3 0.2984375 0.21180555555555555 0.022265625 0.052083333333333336
0 0.648828125 0.7520833333333333 0.0203125 0.03125
0 0.17578125 0.8145833333333333 0.015234375 0.035416666666666666
3 0.658984375 0.5923611111111111 0.015234375 0.03263888888888889
3 0.4859375 0.8291666666666667 0.013671875 0.025
3 0.416796875 0.8222222222222222 0.012109375 0.025
0 0.533984375 0.8305555555555556 0.0109375 0.025
0 0.940234375 0.42291666666666666 0.009765625 0.025694444444444443
3 0.9171875 0.7854166666666667 0.008203125 0.035416666666666666