3 0.692578125 0.23680555555555555 0.04599609375 0.05399305555555556
0 0.753515625 0.29375 0.015625 0.06510416666666667
3 0.4109375 0.50625 0.01728515625 0.042881944444444445
3 0.789453125 0.5861111111111111 0.01806640625 0.036284722222222225
0 0.784375 0.7694444444444445 0.01416015625 0.027604166666666666
0 0.854296875 0.4131944444444444 0.01005859375 0.030555555555555555
0 0.743359375 0.28888888888888886 0.01162109375 0.022395833333333334
0 0.738671875 0.24166666666666667 0.01318359375 0.019618055555555555
0 0.829296875 0.3472222222222222 0.0125 0.022048611111111113
3 0.415234375 0.3173611111111111 0.0109375 0.02378472222222222
2 0.910546875 0.7888888888888889 0.0109375 0.022048611111111113
3 0.839453125 0.6527777777777778 0.00849609375 0.019444444444444445
3 0.862890625 0.6972222222222222 0.00869140625 0.019270833333333334
3 0.440625 0.42986111111111114 0.01240234375 0.009895833333333333
3 0.679296875 0.3013888888888889 0.009375 0.011111111111111112
3 0.557421875 0.4840277777777778 0.01025390625 0.009548611111111112
0 0.62109375 0.21041666666666667 0.00947265625 0.019444444444444445