0 0.7390625 0.7965277777777777 0.021875 0.0484375
0 0.191015625 0.5472222222222223 0.03125 0.05017361111111111
0 0.73359375 0.3138888888888889 0.02353515625 0.025
3 0.718359375 0.7847222222222222 0.01181640625 0.04461805555555556
3 0.50859375 0.3298611111111111 0.02177734375 0.03767361111111111
3 0.856640625 0.7090277777777778 0.01494140625 0.029340277777777778
2 0.48359375 0.7548611111111111 0.02978515625 0.03211805555555555
2 0.301171875 0.8631944444444445 0.015625 0.007118055555555555
0 0.879296875 0.3840277777777778 0.00849609375 0.015104166666666667
3 0.612890625 0.74375 0.00625 0.01545138888888889
3 0.441015625 0.8430555555555556 0.00693359375 0.0109375
2 0.819140625 0.3659722222222222 0.0078125 0.008333333333333333
3 0.598046875 0.3888888888888889 0.0125 0.022048611111111113
2 0.934765625 0.6527777777777778 0.00556640625 0.0109375
3 0.779296875 0.43819444444444444 0.00537109375 0.009548611111111112
2 0.034765625 0.8493055555555555 0.00849609375 0.02065972222222222