2 0.67890625 0.45069444444444445 0.0234375 0.05555555555555555
2 0.51953125 0.21944444444444444 0.025 0.04652777777777778
2 0.29765625 0.15902777777777777 0.0234375 0.049305555555555554
2 0.541015625 0.38263888888888886 0.020703125 0.052083333333333336
2 0.135546875 0.6027777777777777 0.021484375 0.04791666666666667
2 0.326171875 0.2590277777777778 0.019140625 0.03125
2 0.51875 0.7076388888888889 0.018359375 0.03263888888888889
2 0.062109375 0.6326388888888889 0.015234375 0.03611111111111111
2 0.217578125 0.3229166666666667 0.013671875 0.03819444444444445
2 0.474609375 0.28958333333333336 0.014453125 0.035416666666666666
2 0.031640625 0.3111111111111111 0.011328125 0.03888888888888889
2 0.591015625 0.17222222222222222 0.012890625 0.02847222222222222
2 0.055859375 0.34930555555555554 0.014453125 0.024305555555555556
2 0.523828125 0.44513888888888886 0.012890625 0.025
2 0.5578125 0.6326388888888889 0.009375 0.03263888888888889
2 0.533984375 0.4986111111111111 0.012109375 0.022916666666666665
2 0.634765625 0.1527777777777778 0.0140625 0.01875
2 0.656640625 0.7215277777777778 0.0109375 0.022916666666666665
2 0.487109375 0.7111111111111111 0.009765625 0.014583333333333334