3 0.656640625 0.31805555555555554 0.02900390625 0.0859375
2 0.198046875 0.8298611111111112 0.02744140625 0.08454861111111112
2 0.745703125 0.7868055555555555 0.02119140625 0.03177083333333333
2 0.746484375 0.3416666666666667 0.01181640625 0.03333333333333333
2 0.163671875 0.38125 0.01630859375 0.02378472222222222
2 0.18359375 0.08055555555555556 0.01103515625 0.030381944444444444
2 0.791796875 0.33819444444444446 0.00712890625 0.04600694444444445
2 0.6015625 0.8569444444444444 0.01552734375 0.022048611111111113
2 0.123828125 0.14375 0.01025390625 0.028993055555555557
2 0.605859375 0.30486111111111114 0.0125 0.0234375
2 0.894140625 0.28541666666666665 0.0140625 0.01545138888888889
2 0.92265625 0.31319444444444444 0.0078125 0.025
3 0.7984375 0.3402777777777778 0.00771484375 0.025173611111111112
3 0.836328125 0.4576388888888889 0.00693359375 0.02378472222222222
3 0.8828125 0.3875 0.00927734375 0.016493055555555556