0 0.856640625 0.6506944444444445 0.0296875 0.06545138888888889
0 0.19375 0.36875 0.02978515625 0.05555555555555555
0 0.2234375 0.4486111111111111 0.01708984375 0.03871527777777778
0 0.923828125 0.9048611111111111 0.01806640625 0.030555555555555555
2 0.555078125 0.37222222222222223 0.0140625 0.0390625
0 0.501171875 0.5555555555555556 0.0171875 0.027777777777777776
0 0.241015625 0.5465277777777777 0.015625 0.027777777777777776
2 0.578125 0.12291666666666666 0.0171875 0.01545138888888889
0 0.466015625 0.6277777777777778 0.00869140625 0.027604166666666666
2 0.4609375 0.3388888888888889 0.00947265625 0.022395833333333334
0 0.865234375 0.8298611111111112 0.0078125 0.027777777777777776
0 0.36484375 0.8986111111111111 0.01083984375 0.019618055555555555
2 0.49609375 0.5298611111111111 0.01572265625 0.012673611111111111
0 0.51796875 0.9840277777777777 0.00947265625 0.016666666666666666
2 0.954296875 0.7527777777777778 0.00625 0.025