3 0.883203125 0.6729166666666667 0.02744140625 0.09565972222222222
2 0.20234375 0.3951388888888889 0.02197265625 0.03888888888888889
2 0.42890625 0.48194444444444445 0.02333984375 0.03611111111111111
2 0.51875 0.5965277777777778 0.01552734375 0.05434027777777778
2 0.911328125 0.9243055555555556 0.01806640625 0.03732638888888889
2 0.942578125 0.9006944444444445 0.01630859375 0.04010416666666667
2 0.233203125 0.4284722222222222 0.0140625 0.0265625
2 0.455859375 0.7729166666666667 0.0109375 0.018229166666666668
2 0.166015625 0.6944444444444444 0.0078125 0.019618055555555555
2 0.908984375 0.7638888888888888 0.00849609375 0.013715277777777778
2 0.926953125 0.8006944444444445 0.00625 0.012326388888888888