0 0.711328125 0.2076388888888889 0.053515625 0.09652777777777778
0 0.639453125 0.20902777777777778 0.04375 0.06666666666666667
0 0.3296875 0.28125 0.037109375 0.07013888888888889
2 0.519140625 0.8520833333333333 0.031640625 0.044444444444444446
2 0.41015625 0.5694444444444444 0.026171875 0.05
2 0.252734375 0.3972222222222222 0.027734375 0.04375
2 0.58359375 0.8229166666666666 0.019140625 0.05625
2 0.64140625 0.5277777777777778 0.021875 0.04722222222222222
2 0.81796875 0.7527777777777778 0.027734375 0.030555555555555555
2 0.535546875 0.7576388888888889 0.025390625 0.029861111111111113
2 0.51953125 0.7381944444444445 0.021875 0.027777777777777776
2 0.36171875 0.4361111111111111 0.021484375 0.027083333333333334
2 0.0578125 0.16458333333333333 0.021484375 0.027083333333333334
2 0.988671875 0.30694444444444446 0.012109375 0.04652777777777778
2 0.93125 0.9236111111111112 0.015234375 0.03263888888888889
2 0.508984375 0.26666666666666666 0.013671875 0.034027777777777775
2 0.90234375 0.9215277777777777 0.015625 0.027777777777777776
2 0.814453125 0.7861111111111111 0.01875 0.022222222222222223
2 0.67421875 0.75625 0.0171875 0.022916666666666665
2 0.862109375 0.3701388888888889 0.0171875 0.021527777777777778
2 0.283984375 0.1111111111111111 0.013671875 0.022222222222222223
2 0.334765625 0.8534722222222222 0.011328125 0.027083333333333334
2 0.348046875 0.3611111111111111 0.007421875 0.03819444444444445
2 0.9515625 0.6333333333333333 0.008203125 0.03333333333333333
2 0.250390625 0.6958333333333333 0.010546875 0.021527777777777778
2 0.930859375 0.8854166666666666 0.009375 0.02013888888888889
2 0.350390625 0.8451388888888889 0.00625 0.014583333333333334
2 0.530078125 0.78125 0.008203125 0.016666666666666666