3 0.655078125 0.64375 0.041796875 0.08958333333333333
3 0.91015625 0.86875 0.032421875 0.11319444444444444
2 0.117578125 0.8256944444444444 0.031640625 0.06944444444444445
3 0.324609375 0.5958333333333333 0.0265625 0.07291666666666667
3 0.54140625 0.5388888888888889 0.038671875 0.049305555555555554
3 0.283984375 0.6701388888888888 0.040625 0.04236111111111111
0 0.65234375 0.8631944444444445 0.029296875 0.05347222222222222
0 0.693359375 0.75625 0.025390625 0.05555555555555555
3 0.351953125 0.7298611111111111 0.027734375 0.04652777777777778
2 0.809765625 0.65 0.021875 0.044444444444444446
3 0.4328125 0.09513888888888888 0.020703125 0.04652777777777778
2 0.410546875 0.10277777777777777 0.028515625 0.03333333333333333
3 0.483203125 0.27361111111111114 0.0203125 0.04375
3 0.483203125 0.20972222222222223 0.023046875 0.034027777777777775
2 0.19140625 0.8076388888888889 0.016796875 0.04513888888888889
2 0.410546875 0.0798611111111111 0.023046875 0.030555555555555555
2 0.465625 0.8854166666666666 0.022265625 0.030555555555555555
2 0.3734375 0.8895833333333333 0.0203125 0.03333333333333333
3 0.3296875 0.7979166666666667 0.018359375 0.03611111111111111
2 0.41640625 0.9152777777777777 0.021875 0.030555555555555555
2 0.392578125 0.5034722222222222 0.017578125 0.03263888888888889
2 0.589453125 0.3173611111111111 0.015625 0.034027777777777775
2 0.344921875 0.04513888888888889 0.03125 0.017361111111111112
2 0.30859375 0.9319444444444445 0.009375 0.04513888888888889
3 0.446484375 0.6451388888888889 0.0171875 0.022222222222222223
2 0.863671875 0.5493055555555556 0.0109375 0.025694444444444443
2 0.875 0.6756944444444445 0.009765625 0.025694444444444443
3 0.444921875 0.7013888888888888 0.0125 0.019444444444444445
2 0.184375 0.12013888888888889 0.009375 0.024305555555555556
2 0.320703125 0.09166666666666666 0.011328125 0.011805555555555555