1 0.178515625 0.5104166666666666 0.053125 0.04861111111111111
1 0.191796875 0.38958333333333334 0.01796875 0.029340277777777778
1 0.2609375 0.38958333333333334 0.0185546875 0.0125
1 0.3921875 0.3923611111111111 0.0126953125 0.013888888888888888
1 0.496875 0.39305555555555555 0.0126953125 0.013888888888888888
1 0.228515625 0.38819444444444445 0.01171875 0.013888888888888888
1 0.751171875 0.3958333333333333 0.0125 0.013541666666666667
1 0.927734375 0.3993055555555556 0.01328125 0.011111111111111112
1 0.773046875 0.3972222222222222 0.0109375 0.011458333333333333
1 0.792578125 0.39861111111111114 0.01015625 0.013541666666666667
1 0.380078125 0.38680555555555557 0.00703125 0.015277777777777777
1 0.521875 0.3902777777777778 0.0033203125 0.008680555555555556
1 0.98984375 0.8416666666666667 0.0203125 0.04461805555555556