2 0.791796875 0.6722222222222223 0.019921875 0.04791666666666667
2 0.63125 0.6548611111111111 0.015234375 0.02847222222222222
2 0.851953125 0.6708333333333333 0.015625 0.027083333333333334
2 0.82421875 0.7583333333333333 0.0125 0.022916666666666665
2 0.369921875 0.41875 0.006640625 0.034027777777777775
2 0.719140625 0.19791666666666666 0.0125 0.016666666666666666
2 0.840234375 0.6409722222222223 0.008984375 0.024305555555555556
2 0.859765625 0.79375 0.008203125 0.022222222222222223
2 0.614453125 0.7541666666666667 0.008984375 0.01875
2 0.838671875 0.7013888888888888 0.006640625 0.024305555555555556
2 0.747265625 0.9604166666666667 0.008984375 0.017361111111111112
2 0.69921875 0.6979166666666666 0.009765625 0.014583333333333334
2 0.670703125 0.8777777777777778 0.006640625 0.016666666666666666
2 0.639453125 0.6993055555555555 0.0140625 0.008333333333333333
2 0.083984375 0.5270833333333333 0.005859375 0.02013888888888889
2 0.71796875 0.2326388888888889 0.005078125 0.013888888888888888
2 0.605859375 0.5111111111111111 0.005078125 0.009027777777777777