3 0.604296875 0.38263888888888886 0.019140625 0.02847222222222222
0 0.084375 0.8958333333333334 0.016796875 0.029861111111111113
3 0.0859375 0.9708333333333333 0.009375 0.04236111111111111
0 0.954296875 0.94375 0.008984375 0.03958333333333333
3 0.7453125 0.7798611111111111 0.0125 0.02013888888888889
3 0.266015625 0.2548611111111111 0.008984375 0.024305555555555556
0 0.26171875 0.27291666666666664 0.012109375 0.016666666666666666
3 0.08046875 0.7944444444444444 0.006640625 0.011111111111111112
3 0.876171875 0.7090277777777778 0.003125 0.016666666666666666
3 0.11015625 0.73125 0.0046875 0.009027777777777777
3 0.898828125 0.6659722222222222 0.003515625 0.011805555555555555
3 0.89765625 0.6826388888888889 0.007421875 0.013194444444444444
3 0.037109375 0.6722222222222223 0.004296875 0.010416666666666666