2 0.858984375 0.6875 0.025 0.044444444444444446
0 0.05 0.9826388888888888 0.01552734375 0.03211805555555555
2 0.739453125 0.2986111111111111 0.01162109375 0.0390625
2 0.314453125 0.3375 0.00849609375 0.044444444444444446
2 0.91953125 0.6291666666666667 0.01103515625 0.022395833333333334
0 0.241015625 0.48333333333333334 0.01162109375 0.022222222222222223
2 0.2265625 0.37222222222222223 0.00927734375 0.025173611111111112
3 0.828515625 0.19652777777777777 0.009375 0.016666666666666666
2 0.678515625 0.34791666666666665 0.01005859375 0.015104166666666667
2 0.68359375 0.9833333333333333 0.00927734375 0.016666666666666666
2 0.10859375 0.35208333333333336 0.00634765625 0.019444444444444445
2 0.987890625 0.9354166666666667 0.00712890625 0.017881944444444443
2 0.79296875 0.5916666666666667 0.0078125 0.011111111111111112
2 0.6859375 0.8298611111111112 0.00625 0.012673611111111111