2 0.828515625 0.9576388888888889 0.02880859375 0.04722222222222222
2 0.726953125 0.8104166666666667 0.02275390625 0.044444444444444446
2 0.535546875 0.22847222222222222 0.0203125 0.03888888888888889
2 0.483984375 0.16875 0.01494140625 0.04565972222222222
2 0.6953125 0.4798611111111111 0.01572265625 0.034895833333333334
2 0.807421875 0.93125 0.0140625 0.03888888888888889
2 0.544921875 0.14027777777777778 0.01943359375 0.027777777777777776
2 0.755078125 0.18958333333333333 0.01630859375 0.03333333333333333
2 0.757421875 0.28680555555555554 0.0140625 0.02621527777777778
2 0.762109375 0.15902777777777777 0.00400390625 0.0234375
2 0.7828125 0.17222222222222222 0.0078125 0.011284722222222222