2 0.362109375 0.5666666666666667 0.030078125 0.05347222222222222
3 0.433984375 0.18194444444444444 0.023828125 0.05555555555555555
0 0.210546875 0.7979166666666667 0.021484375 0.05763888888888889
2 0.748046875 0.7277777777777777 0.0203125 0.04513888888888889
0 0.382421875 0.027083333333333334 0.023046875 0.03680555555555556
2 0.7234375 0.38958333333333334 0.022265625 0.03680555555555556
2 0.565234375 0.33611111111111114 0.020703125 0.03888888888888889
0 0.751171875 0.2604166666666667 0.0171875 0.04722222222222222
2 0.726953125 0.5666666666666667 0.014453125 0.04791666666666667
2 0.142578125 0.5965277777777778 0.017578125 0.03611111111111111
2 0.258984375 0.8868055555555555 0.0171875 0.035416666666666666
2 0.542578125 0.1284722222222222 0.0171875 0.034027777777777775
0 0.687109375 0.35208333333333336 0.015625 0.03680555555555556
0 0.20859375 0.6027777777777777 0.016015625 0.03125
0 0.72578125 0.725 0.014453125 0.03263888888888889
2 0.834375 0.17708333333333334 0.014453125 0.03333333333333333
0 0.255078125 0.7298611111111111 0.015234375 0.027777777777777776
0 0.294921875 0.29583333333333334 0.009375 0.03819444444444445
3 0.645703125 0.3104166666666667 0.012109375 0.02847222222222222
0 0.3375 0.2326388888888889 0.012109375 0.025694444444444443
0 0.223046875 0.26319444444444445 0.0109375 0.02847222222222222
2 0.350390625 0.33125 0.014453125 0.019444444444444445
0 0.365234375 0.7541666666666667 0.009765625 0.027777777777777776
2 0.054296875 0.13680555555555557 0.010546875 0.022916666666666665
0 0.40390625 0.7979166666666667 0.009375 0.022916666666666665
0 0.80234375 0.7909722222222222 0.0125 0.016666666666666666
0 0.30390625 0.8875 0.0109375 0.01875
1 0.7 0.5020833333333333 0.0125 0.014583333333333334
2 0.05625 0.7256944444444444 0.0078125 0.021527777777777778
2 0.753515625 0.7993055555555556 0.009375 0.017361111111111112
2 0.382421875 0.8326388888888889 0.010546875 0.013888888888888888
2 0.726953125 0.8201388888888889 0.005859375 0.025
1 0.008203125 0.36041666666666666 0.00625 0.022222222222222223
3 0.333203125 0.13541666666666666 0.010546875 0.011805555555555555
2 0.6890625 0.9729166666666667 0.009375 0.013194444444444444
2 0.482421875 0.9180555555555555 0.008984375 0.013888888888888888
2 0.242578125 0.8868055555555555 0.010546875 0.011111111111111112
2 0.666015625 0.26458333333333334 0.009375 0.011111111111111112
1 0.331640625 0.5458333333333333 0.0078125 0.011805555555555555
2 0.302734375 0.19791666666666666 0.004296875 0.022222222222222223
2 0.663671875 0.6729166666666667 0.0046875 0.01875
2 0.780078125 0.7972222222222223 0.006640625 0.013888888888888888
2 0.651953125 0.5493055555555556 0.0078125 0.011111111111111112
2 0.326953125 0.6125 0.003515625 0.022222222222222223
2 0.694921875 0.4479166666666667 0.006640625 0.011805555555555555
2 0.608203125 0.26458333333333334 0.004296875 0.02013888888888889
2 0.65546875 0.2534722222222222 0.005078125 0.013888888888888888
2 0.077734375 0.12083333333333333 0.005078125 0.013888888888888888
2 0.784765625 0.17152777777777778 0.0078125 0.010416666666666666
2 0.626171875 0.9770833333333333 0.005859375 0.011805555555555555
3 0.138671875 0.2916666666666667 0.005859375 0.011805555555555555
2 0.03359375 0.3326388888888889 0.0046875 0.014583333333333334
2 0.769140625 0.8111111111111111 0.005859375 0.011111111111111112
2 0.39921875 0.3951388888888889 0.00625 0.009027777777777777
2 0.814453125 0.7319444444444444 0.00625 0.009027777777777777
3 0.608984375 0.13194444444444445 0.00625 0.009027777777777777
2 0.37734375 0.11527777777777778 0.005078125 0.010416666666666666
2 0.664453125 0.7798611111111111 0.0046875 0.011111111111111112
2 0.1671875 0.49583333333333335 0.00625 0.008333333333333333
2 0.693359375 0.9284722222222223 0.0046875 0.011111111111111112
2 0.189453125 0.6770833333333334 0.004296875 0.011111111111111112
2 0.2328125 0.8701388888888889 0.005859375 0.007638888888888889
2 0.30390625 0.5881944444444445 0.003515625 0.011111111111111112
2 0.696875 0.8076388888888889 0.005078125 0.008333333333333333
2 0.221484375 0.8555555555555555 0.0046875 0.009027777777777777
2 0.662890625 0.20208333333333334 0.0046875 0.009027777777777777
2 0.666796875 0.42291666666666666 0.002734375 0.01597222222222222
2 0.59609375 0.7381944444444445 0.003515625 0.010416666666666666
2 0.760546875 0.45208333333333334 0.005859375 0.00625
2 0.685546875 0.8340277777777778 0.0046875 0.007638888888888889
2 0.698046875 0.9 0.004296875 0.008333333333333333
2 0.256640625 0.16458333333333333 0.004296875 0.00625
2 0.273046875 0.4951388888888889 0.003515625 0.008333333333333333
2 0.444921875 0.7368055555555556 0.003125 0.008333333333333333
2 0.191015625 0.20902777777777778 0.003515625 0.008333333333333333
2 0.663671875 0.5729166666666666 0.002734375 0.010416666666666666
2 0.251171875 0.7861111111111111 0.004296875 0.00625
2 0.5828125 0.8006944444444445 0.003515625 0.007638888888888889
2 0.573828125 0.04513888888888889 0.005859375 0.004861111111111111
2 0.742578125 0.45625 0.004296875 0.005555555555555556
2 0.65078125 0.225 0.005078125 0.004861111111111111
2 0.697265625 0.8194444444444444 0.0015625 0.013888888888888888
2 0.689453125 0.7513888888888889 0.003125 0.007638888888888889
2 0.588671875 0.9090277777777778 0.002734375 0.010416666666666666
2 0.66015625 0.7701388888888889 0.003515625 0.00625
2 0.326953125 0.18958333333333333 0.003125 0.00625
2 0.604296875 0.8111111111111111 0.004296875 0.004861111111111111
2 0.708203125 0.4263888888888889 0.003125 0.005555555555555556
2 0.561328125 0.8381944444444445 0.003125 0.005555555555555556
2 0.583984375 0.11458333333333333 0.003515625 0.005555555555555556
2 0.704296875 0.9138888888888889 0.003125 0.005555555555555556
2 0.3125 0.5131944444444444 0.003125 0.005555555555555556
2 0.670703125 0.9263888888888889 0.003125 0.005555555555555556
2 0.716015625 0.8631944444444445 0.002734375 0.00625
2 0.678515625 0.8631944444444445 0.002734375 0.00625
2 0.719140625 0.7923611111111111 0.003125 0.005555555555555556
2 0.626171875 0.9673611111111111 0.003515625 0.004861111111111111
2 0.634765625 0.21180555555555555 0.002734375 0.005555555555555556
2 0.688671875 0.9097222222222222 0.002734375 0.005555555555555556
2 0.630859375 0.9256944444444445 0.002734375 0.005555555555555556
2 0.7703125 0.45902777777777776 0.002734375 0.004861111111111111
2 0.712890625 0.9006944444444445 0.002734375 0.005555555555555556
2 0.666796875 0.9138888888888889 0.003125 0.004861111111111111
2 0.68125 0.9534722222222223 0.002734375 0.004861111111111111
2 0.731640625 0.8770833333333333 0.002734375 0.004861111111111111
2 0.692578125 0.7986111111111112 0.002734375 0.004861111111111111
2 0.731640625 0.8368055555555556 0.001953125 0.004861111111111111
2 0.678515625 0.94375 0.001953125 0.004861111111111111
2 0.7296875 0.9222222222222223 0.001953125 0.003472222222222222
2 0.425390625 0.6909722222222222 0.008203125 0.009027777777777777