2 0.330859375 0.5993055555555555 0.0234375 0.027777777777777776
2 0.828125 0.6354166666666666 0.01875 0.03125
2 0.834765625 0.8576388888888888 0.019140625 0.027777777777777776
2 0.2796875 0.5784722222222223 0.014453125 0.035416666666666666
2 0.6765625 0.9868055555555556 0.019921875 0.025694444444444443
2 0.816796875 0.7256944444444444 0.01875 0.022916666666666665
2 0.855078125 0.5645833333333333 0.016796875 0.025694444444444443
2 0.333984375 0.3104166666666667 0.014453125 0.025
2 0.854296875 0.6722222222222223 0.012109375 0.027777777777777776
2 0.28125 0.6673611111111111 0.009765625 0.03125
2 0.3515625 0.32013888888888886 0.019140625 0.014583333333333334
2 0.328515625 0.3951388888888889 0.015234375 0.01597222222222222
2 0.31953125 0.6090277777777777 0.008984375 0.025694444444444443
2 0.380078125 0.325 0.0125 0.016666666666666666
2 0.364453125 0.28125 0.009765625 0.02013888888888889
2 0.287109375 0.6590277777777778 0.009375 0.019444444444444445