2 0.67890625 0.45069444444444445 0.0234375 0.05555555555555555
2 0.51953125 0.21944444444444444 0.025 0.04704861111111111
2 0.29765625 0.15902777777777777 0.0234375 0.04878472222222222
2 0.541015625 0.38263888888888886 0.02099609375 0.0515625
2 0.135546875 0.6027777777777777 0.02119140625 0.04739583333333333
2 0.326171875 0.2590277777777778 0.01943359375 0.03177083333333333
2 0.51875 0.7076388888888889 0.01865234375 0.03211805555555555
2 0.062109375 0.6326388888888889 0.01494140625 0.03611111111111111
2 0.217578125 0.3229166666666667 0.01337890625 0.03767361111111111
2 0.474609375 0.28958333333333336 0.01474609375 0.034895833333333334
2 0.031640625 0.3111111111111111 0.01162109375 0.03888888888888889
2 0.591015625 0.17222222222222222 0.01318359375 0.02795138888888889
2 0.055859375 0.34930555555555554 0.01474609375 0.02378472222222222
2 0.523828125 0.44513888888888886 0.01318359375 0.025
2 0.5578125 0.6326388888888889 0.009375 0.03211805555555555
2 0.533984375 0.4986111111111111 0.01181640625 0.022395833333333334
2 0.634765625 0.1527777777777778 0.0140625 0.019270833333333334
2 0.656640625 0.7215277777777778 0.0109375 0.0234375
2 0.487109375 0.7111111111111111 0.01005859375 0.0140625