0 0.4625 0.6784722222222223 0.0375 0.075
0 0.731640625 0.56875 0.022265625 0.05486111111111111
0 0.683203125 0.6854166666666667 0.025 0.044444444444444446
0 0.655859375 0.9041666666666667 0.0234375 0.04652777777777778
0 0.38125 0.4888888888888889 0.019921875 0.05277777777777778
2 0.795703125 0.18541666666666667 0.023828125 0.04097222222222222
0 0.58828125 0.5423611111111111 0.0109375 0.05763888888888889
2 0.673828125 0.19930555555555557 0.021875 0.025694444444444443
2 0.9453125 0.7805555555555556 0.013671875 0.030555555555555555
2 0.426953125 0.08541666666666667 0.0125 0.02013888888888889
2 0.438671875 0.08263888888888889 0.009375 0.019444444444444445
2 0.693359375 0.17430555555555555 0.009375 0.01875
2 0.76640625 0.7388888888888889 0.0125 0.025694444444444443