0 0.149609375 0.39375 0.025 0.051215277777777776
2 0.61015625 0.7006944444444444 0.0234375 0.027777777777777776
2 0.25 0.5395833333333333 0.01416015625 0.03333333333333333
0 0.05859375 0.45208333333333334 0.0203125 0.022222222222222223
2 0.36640625 0.7631944444444444 0.01572265625 0.0265625
2 0.212109375 0.4131944444444444 0.0125 0.03177083333333333
2 0.195703125 0.43472222222222223 0.01162109375 0.027777777777777776
2 0.15234375 0.5020833333333333 0.0125 0.019444444444444445
2 0.067578125 0.32708333333333334 0.01162109375 0.017881944444444443
2 0.154296875 0.6798611111111111 0.01162109375 0.01545138888888889
2 0.151171875 0.4361111111111111 0.01181640625 0.0140625
2 0.187890625 0.42569444444444443 0.00849609375 0.019444444444444445
2 0.082421875 0.3375 0.00380859375 0.030729166666666665
2 0.12734375 0.38055555555555554 0.01552734375 0.0359375