3 0.682421875 0.38333333333333336 0.059375 0.06736111111111111
3 0.615234375 0.1701388888888889 0.0484375 0.08125
0 0.96875 0.3451388888888889 0.030078125 0.05625
0 0.039453125 0.6180555555555556 0.022265625 0.06944444444444445
2 0.373828125 0.6847222222222222 0.031640625 0.04375
0 0.348828125 0.8409722222222222 0.023046875 0.05625
0 0.357421875 0.4583333333333333 0.025390625 0.04722222222222222
0 0.29375 0.5708333333333333 0.019140625 0.052083333333333336
0 0.729296875 0.7548611111111111 0.027734375 0.034027777777777775
2 0.937890625 0.3194444444444444 0.023046875 0.04097222222222222
0 0.312109375 0.5520833333333334 0.021484375 0.03819444444444445
2 0.504296875 0.12013888888888889 0.019921875 0.03819444444444445
2 0.620703125 0.7215277777777778 0.0171875 0.04236111111111111
2 0.701953125 0.6576388888888889 0.021484375 0.034027777777777775
2 0.880078125 0.9034722222222222 0.0140625 0.04652777777777778
0 0.454296875 0.8145833333333333 0.0171875 0.03611111111111111
0 0.561328125 0.8041666666666667 0.0203125 0.030555555555555555
2 0.863671875 0.8777777777777778 0.017578125 0.034027777777777775
0 0.63515625 0.23541666666666666 0.0140625 0.041666666666666664
2 0.476953125 0.22291666666666668 0.01875 0.029861111111111113
2 0.349609375 0.29097222222222224 0.019921875 0.02847222222222222
2 0.409765625 0.36041666666666666 0.018359375 0.02847222222222222
0 0.354296875 0.89375 0.016015625 0.027083333333333334
0 0.416796875 0.7909722222222222 0.015234375 0.027083333333333334
2 0.45078125 0.30972222222222223 0.016015625 0.025
0 0.360546875 0.4270833333333333 0.016015625 0.024305555555555556
2 0.716796875 0.6381944444444444 0.0140625 0.025
2 0.381640625 0.8909722222222223 0.0171875 0.021527777777777778
2 0.596484375 0.8097222222222222 0.015234375 0.022222222222222223
2 0.634765625 0.5486111111111112 0.01875 0.017361111111111112
2 0.308984375 0.24097222222222223 0.009375 0.03333333333333333
2 0.580078125 0.16180555555555556 0.013671875 0.024305555555555556
2 0.663671875 0.8756944444444444 0.011328125 0.027083333333333334
2 0.850390625 0.9631944444444445 0.009765625 0.027777777777777776
2 0.56796875 0.15 0.012890625 0.019444444444444445
2 0.644140625 0.19236111111111112 0.0109375 0.022222222222222223
0 0.31875 0.4479166666666667 0.013671875 0.014583333333333334
2 0.620703125 0.6881944444444444 0.0109375 0.01875
2 0.33515625 0.7993055555555556 0.009375 0.02013888888888889
2 0.612109375 0.6895833333333333 0.008203125 0.022222222222222223
2 0.052734375 0.23680555555555555 0.005859375 0.029861111111111113
2 0.0578125 0.16180555555555556 0.008984375 0.017361111111111112
2 0.684375 0.8576388888888888 0.009765625 0.01597222222222222
2 0.655078125 0.8034722222222223 0.0078125 0.01875
2 0.296484375 0.3229166666666667 0.009765625 0.014583333333333334
2 0.294140625 0.19791666666666666 0.005859375 0.022222222222222223
2 0.33828125 0.44027777777777777 0.0078125 0.013888888888888888
2 0.29140625 0.2298611111111111 0.008203125 0.011805555555555555