2 0.93671875 0.48680555555555555 0.04375 0.10902777777777778
2 0.41796875 0.7319444444444444 0.035546875 0.07777777777777778
3 0.6734375 0.38055555555555554 0.035546875 0.06736111111111111
3 0.91484375 0.7444444444444445 0.040625 0.05555555555555555
3 0.98515625 0.8104166666666667 0.023828125 0.08611111111111111
0 0.6625 0.9680555555555556 0.0390625 0.050694444444444445
0 0.654296875 0.9298611111111111 0.033984375 0.049305555555555554
3 0.303125 0.29930555555555555 0.026953125 0.059027777777777776
2 0.206640625 0.14097222222222222 0.020703125 0.06597222222222222
3 0.938671875 0.3770833333333333 0.0234375 0.05763888888888889
0 0.673828125 0.5048611111111111 0.016015625 0.06666666666666667
0 0.418359375 0.7583333333333333 0.019140625 0.05277777777777778
0 0.513671875 0.5465277777777777 0.019140625 0.05
2 0.733984375 0.8715277777777778 0.019140625 0.04236111111111111
3 0.828515625 0.4423611111111111 0.019921875 0.03680555555555556
0 0.658203125 0.42777777777777776 0.018359375 0.03680555555555556
0 0.44453125 0.39444444444444443 0.018359375 0.03680555555555556
2 0.124609375 0.034027777777777775 0.016796875 0.03680555555555556
0 0.284765625 0.25972222222222224 0.015234375 0.03958333333333333
2 0.394140625 0.01875 0.015234375 0.03680555555555556
2 0.496875 0.2743055555555556 0.026171875 0.021527777777777778
0 0.15546875 0.08125 0.019140625 0.027777777777777776
0 0.516015625 0.4673611111111111 0.019140625 0.027777777777777776
0 0.4359375 0.6715277777777777 0.0109375 0.04722222222222222
2 0.249609375 0.05486111111111111 0.015625 0.03263888888888889
0 0.823046875 0.75625 0.014453125 0.03333333333333333
3 0.720703125 0.06041666666666667 0.016015625 0.029861111111111113
0 0.098046875 0.10625 0.014453125 0.03125
0 0.116015625 0.48680555555555555 0.0109375 0.04097222222222222
2 0.316796875 0.1597222222222222 0.01875 0.02013888888888889
2 0.425390625 0.8673611111111111 0.016015625 0.022916666666666665
0 0.89375 0.5451388888888888 0.011328125 0.029861111111111113
2 0.234375 0.31875 0.014453125 0.024305555555555556
0 0.179296875 0.1076388888888889 0.016796875 0.02013888888888889
2 0.278515625 0.13194444444444445 0.010546875 0.03263888888888889
2 0.248828125 0.18055555555555555 0.018359375 0.01597222222222222
0 0.976171875 0.3506944444444444 0.008203125 0.03611111111111111
2 0.909375 0.3423611111111111 0.016015625 0.016666666666666666
2 0.68203125 0.9298611111111111 0.016796875 0.014583333333333334
0 0.940625 0.6402777777777777 0.0109375 0.024305555555555556
0 0.3359375 0.4791666666666667 0.011328125 0.021527777777777778
0 0.128515625 0.5333333333333333 0.00625 0.03263888888888889
0 0.103515625 0.4423611111111111 0.009375 0.02013888888888889
0 0.36328125 0.5034722222222222 0.0078125 0.022222222222222223
2 0.225390625 0.06875 0.0078125 0.01875
0 0.98359375 0.33194444444444443 0.0046875 0.021527777777777778
2 0.26328125 0.04097222222222222 0.006640625 0.009027777777777777