3 0.03984375 0.4340277777777778 0.014453125 0.10069444444444445
2 0.06640625 0.40347222222222223 0.019140625 0.07569444444444444
3 0.015234375 0.38958333333333334 0.020703125 0.052083333333333336
3 0.038671875 0.5243055555555556 0.0140625 0.07291666666666667
3 0.032421875 0.35694444444444445 0.016015625 0.05277777777777778
2 0.056640625 0.43125 0.015234375 0.04375
0 0.056640625 0.3451388888888889 0.015234375 0.03680555555555556
0 0.861328125 0.5076388888888889 0.009375 0.04652777777777778
3 0.191015625 0.8673611111111111 0.019140625 0.022222222222222223
3 0.2125 0.9125 0.014453125 0.02847222222222222
2 0.980078125 0.7381944444444445 0.015625 0.025694444444444443
0 0.798828125 0.25555555555555554 0.0140625 0.029861111111111113
3 0.920703125 0.5701388888888889 0.009765625 0.03958333333333333
3 0.829296875 0.31180555555555556 0.0140625 0.024305555555555556
0 0.03984375 0.46319444444444446 0.011328125 0.029861111111111113
3 0.015234375 0.4798611111111111 0.011328125 0.022222222222222223
2 0.765625 0.17708333333333334 0.006640625 0.035416666666666666
3 0.830078125 0.2861111111111111 0.010546875 0.022222222222222223
3 0.298828125 0.8951388888888889 0.014453125 0.016666666666666666
0 0.052734375 0.5284722222222222 0.0125 0.01875
0 0.920703125 0.5388888888888889 0.009765625 0.022222222222222223
3 0.092578125 0.34097222222222223 0.005078125 0.044444444444444446
1 0.015625 0.19375 0.008984375 0.024305555555555556
0 0.019140625 0.21458333333333332 0.011328125 0.01875
2 0.308984375 0.8583333333333333 0.009765625 0.02013888888888889
3 0.0296875 0.4479166666666667 0.005859375 0.03333333333333333
3 0.808203125 0.21458333333333332 0.010546875 0.016666666666666666
0 0.03125 0.31805555555555554 0.007421875 0.022916666666666665
2 0.867578125 0.5479166666666667 0.008203125 0.01875
2 0.826171875 0.9423611111111111 0.008984375 0.017361111111111112
2 0.80703125 0.19236111111111112 0.010546875 0.014583333333333334
3 0.30078125 0.9416666666666667 0.006640625 0.02013888888888889
3 0.9046875 0.2076388888888889 0.007421875 0.016666666666666666
3 0.8796875 0.35555555555555557 0.00625 0.01875
3 0.8234375 0.7270833333333333 0.007421875 0.013888888888888888
3 0.0375 0.5520833333333334 0.005859375 0.017361111111111112
3 0.01484375 0.49444444444444446 0.009375 0.010416666666666666
2 0.226953125 0.7548611111111111 0.007421875 0.013888888888888888
1 0.901953125 0.19236111111111112 0.0109375 0.008333333333333333
2 0.81171875 0.20555555555555555 0.00625 0.01597222222222222
2 0.31171875 0.9076388888888889 0.0078125 0.011805555555555555
3 0.187890625 0.8506944444444444 0.005859375 0.01597222222222222
3 0.906640625 0.5243055555555556 0.005859375 0.016666666666666666
3 0.901953125 0.5173611111111112 0.004296875 0.019444444444444445
3 0.1859375 0.775 0.00625 0.011111111111111112
3 0.028125 0.5166666666666667 0.005078125 0.013194444444444444
3 0.012890625 0.40902777777777777 0.005078125 0.013194444444444444
2 0.910546875 0.1951388888888889 0.005859375 0.011111111111111112
3 0.910546875 0.5381944444444444 0.007421875 0.008333333333333333
2 0.926171875 0.5104166666666666 0.006640625 0.008333333333333333
3 0.891015625 0.5173611111111112 0.003515625 0.014583333333333334
3 0.309375 0.8305555555555556 0.005078125 0.010416666666666666
3 0.896875 0.5201388888888889 0.004296875 0.011805555555555555
3 0.005859375 0.47291666666666665 0.003515625 0.013888888888888888
2 0.819921875 0.5097222222222222 0.0046875 0.011111111111111112
3 0.881640625 0.5270833333333333 0.00625 0.008333333333333333
3 0.018359375 0.4986111111111111 0.004296875 0.011805555555555555
3 0.908203125 0.23125 0.0046875 0.010416666666666666
3 0.890234375 0.5034722222222222 0.003515625 0.011111111111111112
2 0.8828125 0.17291666666666666 0.004296875 0.009027777777777777
3 0.030078125 0.3055555555555556 0.0046875 0.00625
3 0.023046875 0.36319444444444443 0.003515625 0.007638888888888889
3 0.036328125 0.4354166666666667 0.002734375 0.010416666666666666
3 0.015234375 0.4 0.003125 0.00625
3 0.051953125 0.49027777777777776 0.001953125 0.010416666666666666
3 0.915234375 0.18611111111111112 0.002734375 0.00625
3 0.029296875 0.5270833333333333 0.004296875 0.003472222222222222
3 0.984765625 0.76875 0.0046875 0.014583333333333334