3 0.9078125 0.8854166666666666 0.06728515625 0.22899305555555555
3 0.784765625 0.7840277777777778 0.03212890625 0.06944444444444445
3 0.825 0.9743055555555555 0.028125 0.051215277777777776
2 0.85625 0.30625 0.0265625 0.04600694444444445
2 0.1125 0.7048611111111112 0.0171875 0.04722222222222222
3 0.75234375 0.5368055555555555 0.02041015625 0.03888888888888889
2 0.892578125 0.6027777777777777 0.01943359375 0.041666666666666664
3 0.76875 0.6270833333333333 0.01875 0.03732638888888889
2 0.490625 0.7097222222222223 0.01875 0.03350694444444444
3 0.667578125 0.47152777777777777 0.01630859375 0.03211805555555555
3 0.701953125 0.5298611111111111 0.0203125 0.0234375
2 0.29453125 0.28055555555555556 0.01884765625 0.022395833333333334
2 0.8421875 0.21180555555555555 0.015625 0.025
2 0.060546875 0.4895833333333333 0.01806640625 0.017881944444444443
2 0.154296875 0.8326388888888889 0.015625 0.019444444444444445
2 0.080859375 0.4375 0.01337890625 0.022395833333333334
2 0.117578125 0.6201388888888889 0.00869140625 0.030555555555555555
2 0.00234375 0.6645833333333333 0.0046875 0.0265625
2 0.981640625 0.7736111111111111 0.01005859375 0.02795138888888889