3 0.87265625 0.9208333333333333 0.048828125 0.15
3 0.527734375 0.38680555555555557 0.0234375 0.12013888888888889
3 0.8359375 0.41597222222222224 0.037890625 0.05486111111111111
3 0.537109375 0.2326388888888889 0.025390625 0.06666666666666667
3 0.787890625 0.4166666666666667 0.029296875 0.044444444444444446
2 0.536328125 0.4756944444444444 0.022265625 0.05625
3 0.77578125 0.9034722222222222 0.018359375 0.06458333333333334
3 0.932421875 0.5020833333333333 0.016015625 0.07013888888888889
3 0.846484375 0.48541666666666666 0.015234375 0.03958333333333333
3 0.55546875 0.3138888888888889 0.015625 0.03611111111111111
2 0.513671875 0.43680555555555556 0.014453125 0.03125
2 0.711328125 0.43680555555555556 0.012890625 0.034027777777777775
2 0.434765625 0.9256944444444445 0.0125 0.022222222222222223
2 0.686328125 0.43194444444444446 0.012109375 0.014583333333333334
2 0.884765625 0.6284722222222222 0.008203125 0.016666666666666666
2 0.934375 0.6826388888888889 0.00625 0.010416666666666666