3 0.958984375 0.9020833333333333 0.051171875 0.12291666666666666
0 0.332421875 0.11041666666666666 0.024609375 0.05277777777777778
0 0.618359375 0.7659722222222223 0.034765625 0.029861111111111113
0 0.389453125 0.29791666666666666 0.024609375 0.041666666666666664
0 0.251953125 0.17847222222222223 0.026171875 0.034027777777777775
0 0.299609375 0.3104166666666667 0.021875 0.03958333333333333
0 0.566015625 0.9013888888888889 0.020703125 0.035416666666666666
0 0.393359375 0.375 0.013671875 0.04513888888888889
0 0.343359375 0.5013888888888889 0.020703125 0.027083333333333334
0 0.67265625 0.1361111111111111 0.017578125 0.030555555555555555
0 0.754296875 0.15902777777777777 0.015234375 0.034027777777777775
2 0.420703125 0.24583333333333332 0.021484375 0.022222222222222223
0 0.081640625 0.22152777777777777 0.0125 0.03611111111111111
3 0.293359375 0.4131944444444444 0.011328125 0.030555555555555555
0 0.356640625 0.34930555555555554 0.012109375 0.025694444444444443
0 0.3140625 0.7590277777777777 0.009765625 0.029861111111111113
0 0.56484375 0.9631944444444445 0.0125 0.02013888888888889
0 0.612890625 0.25625 0.0140625 0.014583333333333334
0 0.499609375 0.6243055555555556 0.010546875 0.01875
0 0.43046875 0.5027777777777778 0.008984375 0.021527777777777778
0 0.060546875 0.5069444444444444 0.0078125 0.022222222222222223
2 0.454296875 0.42083333333333334 0.008203125 0.019444444444444445
0 0.055859375 0.6701388888888888 0.008203125 0.01875
3 0.320703125 0.55 0.010546875 0.013888888888888888
0 0.44296875 0.6451388888888889 0.009765625 0.013194444444444444
3 0.30703125 0.25625 0.00625 0.019444444444444445
3 0.193359375 0.27708333333333335 0.006640625 0.017361111111111112
3 0.324609375 0.32708333333333334 0.007421875 0.01597222222222222
3 0.365234375 0.4201388888888889 0.008203125 0.011805555555555555
3 0.5234375 0.2923611111111111 0.007421875 0.013194444444444444
2 0.440234375 0.42569444444444443 0.003515625 0.022222222222222223
3 0.285546875 0.21319444444444444 0.005078125 0.013888888888888888
3 0.316015625 0.2638888888888889 0.009375 0.007638888888888889
3 0.434765625 0.21388888888888888 0.00625 0.009027777777777777