3 0.287890625 0.28680555555555554 0.07275390625 0.021006944444444446
0 0.790625 0.43819444444444444 0.02802734375 0.04878472222222222
2 0.38125 0.46597222222222223 0.0125 0.04722222222222222
3 0.183984375 0.4236111111111111 0.01162109375 0.036284722222222225
2 0.23203125 0.7256944444444444 0.0140625 0.028993055555555557
3 0.94609375 0.5951388888888889 0.01240234375 0.025
2 0.786328125 0.5423611111111111 0.01337890625 0.04722222222222222
3 0.553515625 0.37569444444444444 0.01650390625 0.030555555555555555
2 0.773828125 0.19791666666666666 0.0078125 0.027777777777777776
3 0.212109375 0.5826388888888889 0.0078125 0.0265625
3 0.824609375 0.84375 0.015625 0.027777777777777776
0 0.93359375 0.46875 0.00927734375 0.03732638888888889
2 0.404296875 0.5819444444444445 0.00869140625 0.016666666666666666
3 0.2421875 0.6916666666666667 0.0078125 0.019270833333333334
2 0.258203125 0.5229166666666667 0.0125 0.009895833333333333
3 0.111328125 0.7006944444444444 0.00693359375 0.015104166666666667
3 0.212109375 0.9027777777777778 0.009375 0.016666666666666666
3 0.971484375 0.5506944444444445 0.0046875 0.015104166666666667
3 0.137890625 0.7034722222222223 0.00556640625 0.012326388888888888