3 0.740234375 0.8763888888888889 0.05693359375 0.10017361111111112
3 0.733984375 0.23125 0.0390625 0.05399305555555556
0 0.30625 0.4013888888888889 0.02978515625 0.05017361111111111
2 0.55 0.9270833333333334 0.02333984375 0.051215277777777776
2 0.753515625 0.6736111111111112 0.0234375 0.04982638888888889
3 0.754296875 0.7236111111111111 0.01650390625 0.06388888888888888
2 0.669921875 0.8527777777777777 0.0234375 0.041840277777777775
2 0.823828125 0.6777777777777778 0.02255859375 0.03871527777777778
0 0.301171875 0.3326388888888889 0.0171875 0.04565972222222222
3 0.71875 0.41805555555555557 0.01875 0.041493055555555554
3 0.955078125 0.5256944444444445 0.0171875 0.041666666666666664
2 0.746875 0.7041666666666667 0.01572265625 0.03871527777777778
2 0.490234375 0.9708333333333333 0.01650390625 0.0359375
2 0.940234375 0.5111111111111111 0.0109375 0.05
2 0.773046875 0.7541666666666667 0.01337890625 0.025
2 0.49453125 0.6409722222222223 0.0125 0.0265625
2 0.796875 0.9888888888888889 0.015625 0.022222222222222223