1 0.68203125 0.7888888888888889 0.02822265625 0.041493055555555554
1 0.715625 0.6548611111111111 0.02509765625 0.043229166666666666
1 0.340625 0.9125 0.0251953125 0.041493055555555554
1 0.824609375 0.9576388888888889 0.01943359375 0.04565972222222222
1 0.71171875 0.7520833333333333 0.0232421875 0.034895833333333334
1 0.7046875 0.7576388888888889 0.0203125 0.03454861111111111
1 0.84140625 0.7625 0.02802734375 0.024826388888888887
1 0.75390625 0.7847222222222222 0.025 0.027604166666666666
2 0.012109375 0.5569444444444445 0.02109375 0.03090277777777778
1 0.660546875 0.44583333333333336 0.02578125 0.024826388888888887
1 0.608984375 0.4625 0.01787109375 0.0359375
1 0.371875 0.4888888888888889 0.0154296875 0.03871527777777778
1 0.372265625 0.7402777777777778 0.01650390625 0.030381944444444444
1 0.1671875 0.5145833333333333 0.0251953125 0.019444444444444445
1 0.38203125 0.6222222222222222 0.0201171875 0.025173611111111112
1 0.546875 0.5479166666666667 0.01416015625 0.03454861111111111
1 0.68828125 0.8263888888888888 0.01103515625 0.041493055555555554
1 0.3015625 0.5076388888888889 0.01240234375 0.03732638888888889
1 0.199609375 0.5868055555555556 0.02119140625 0.021006944444444446
1 0.70078125 0.4756944444444444 0.0138671875 0.03333333333333333
1 0.23515625 0.5159722222222223 0.015625 0.027777777777777776
1 0.56171875 0.5368055555555555 0.01552734375 0.028993055555555557
1 0.253515625 0.5694444444444444 0.01650390625 0.025173611111111112
1 0.703515625 0.44375 0.0125 0.03454861111111111
1 0.56875 0.6027777777777777 0.0154296875 0.027604166666666666
1 0.144921875 0.5222222222222223 0.01474609375 0.027777777777777776
1 0.583203125 0.6055555555555555 0.02119140625 0.017013888888888887
1 0.45390625 0.7243055555555555 0.0107421875 0.03732638888888889
1 0.362109375 0.7659722222222223 0.01962890625 0.018055555555555554
1 0.443359375 0.48055555555555557 0.02109375 0.016493055555555556
1 0.577734375 0.5902777777777778 0.01943359375 0.016840277777777777
1 0.260546875 0.40694444444444444 0.01337890625 0.024652777777777777
1 0.534375 0.6104166666666667 0.01240234375 0.02621527777777778
1 0.644140625 0.4222222222222222 0.00859375 0.0359375
1 0.470703125 0.3347222222222222 0.01484375 0.019618055555555555
1 0.602734375 0.5555555555555556 0.0109375 0.027604166666666666
1 0.3015625 0.40694444444444444 0.01103515625 0.025173611111111112
1 0.471875 0.37430555555555556 0.0140625 0.02065972222222222
1 0.3109375 0.4409722222222222 0.0185546875 0.015104166666666667
1 0.5078125 0.38055555555555554 0.01240234375 0.019618055555555555
1 0.669140625 0.3625 0.00712890625 0.027777777777777776
1 0.622265625 0.4951388888888889 0.00859375 0.02361111111111111
1 0.59375 0.56875 0.00634765625 0.028993055555555557
1 0.640625 0.45069444444444445 0.01259765625 0.012673611111111111
1 0.78984375 0.9916666666666667 0.0125 0.016666666666666666