0 0.73359375 0.5638888888888889 0.048828125 0.06111111111111111
2 0.351953125 0.5020833333333333 0.029296875 0.052083333333333336
2 0.40234375 0.8951388888888889 0.027734375 0.049305555555555554
2 0.7828125 0.83125 0.016015625 0.05
2 0.655078125 0.1625 0.023046875 0.027777777777777776
2 0.884375 0.6076388888888888 0.014453125 0.029861111111111113
2 0.330078125 0.6215277777777778 0.0125 0.03263888888888889
2 0.841796875 0.825 0.009375 0.041666666666666664
2 0.991015625 0.89375 0.015234375 0.021527777777777778
2 0.177734375 0.7298611111111111 0.012109375 0.022916666666666665
2 0.544921875 0.09027777777777778 0.0109375 0.025694444444444443