2 0.539453125 0.5972222222222222 0.021875 0.052083333333333336
0 0.55234375 0.64375 0.025390625 0.035416666666666666
0 0.335546875 0.725 0.019140625 0.03888888888888889
0 0.907421875 0.5659722222222222 0.012890625 0.044444444444444446
0 0.428515625 0.90625 0.012109375 0.03125
0 0.961328125 0.56875 0.009765625 0.025
0 0.848828125 0.4840277777777778 0.010546875 0.02013888888888889
2 0.20078125 0.12916666666666668 0.009765625 0.021527777777777778
2 0.376953125 0.9236111111111112 0.009375 0.016666666666666666
0 0.996484375 0.6729166666666667 0.0046875 0.022222222222222223
2 0.380078125 0.9631944444444445 0.00625 0.013194444444444444
2 0.521484375 0.48680555555555555 0.005859375 0.011111111111111112