3 0.951953125 0.9118055555555555 0.04306640625 0.1
3 0.8796875 0.40902777777777777 0.04384765625 0.06822916666666666
3 0.325 0.25069444444444444 0.03427734375 0.08177083333333333
3 0.237890625 0.23472222222222222 0.03212890625 0.08038194444444445
3 0.798046875 0.73125 0.0296875 0.08211805555555556
3 0.2984375 0.3215277777777778 0.04208984375 0.04600694444444445
2 0.473828125 0.7090277777777778 0.02724609375 0.06545138888888889
0 0.209375 0.15 0.02333984375 0.05555555555555555
3 0.906640625 0.8083333333333333 0.02744140625 0.041840277777777775
2 0.44453125 0.49930555555555556 0.02021484375 0.058333333333333334
3 0.454296875 0.41180555555555554 0.028125 0.034895833333333334
2 0.427734375 0.4131944444444444 0.0203125 0.04565972222222222
2 0.188671875 0.20277777777777778 0.01630859375 0.05260416666666667
3 0.457421875 0.22569444444444445 0.0140625 0.058333333333333334
2 0.421484375 0.6104166666666667 0.02724609375 0.030555555555555555
2 0.401171875 0.6208333333333333 0.01650390625 0.036284722222222225
3 0.334765625 0.37569444444444444 0.01494140625 0.03611111111111111
2 0.3875 0.5708333333333333 0.01708984375 0.022395833333333334
3 0.509375 0.46805555555555556 0.02021484375 0.019444444444444445
2 0.682421875 0.5743055555555555 0.01474609375 0.02378472222222222
3 0.477734375 0.5402777777777777 0.01474609375 0.019444444444444445
2 0.176953125 0.24166666666666667 0.00869140625 0.025173611111111112
2 0.373046875 0.4236111111111111 0.01025390625 0.022048611111111113
2 0.387890625 0.4527777777777778 0.00849609375 0.024826388888888887
3 0.410546875 0.5159722222222223 0.00869140625 0.021006944444444446
2 0.750390625 0.2965277777777778 0.01005859375 0.013888888888888888
3 0.376171875 0.5993055555555555 0.00556640625 0.021006944444444446
2 0.202734375 0.24097222222222223 0.00625 0.009895833333333333
2 0.194921875 0.25069444444444444 0.00380859375 0.012326388888888888