2 0.190234375 0.5118055555555555 0.018359375 0.06736111111111111
2 0.080078125 0.27569444444444446 0.021484375 0.05
2 0.865234375 0.45555555555555555 0.016796875 0.04513888888888889
2 0.830859375 0.3548611111111111 0.01875 0.03819444444444445
2 0.126171875 0.41875 0.0140625 0.03888888888888889
2 0.103515625 0.45416666666666666 0.021484375 0.022222222222222223
2 0.72265625 0.6743055555555556 0.016015625 0.02847222222222222
2 0.115234375 0.9347222222222222 0.012109375 0.03611111111111111
2 0.935546875 0.93125 0.010546875 0.030555555555555555
2 0.124609375 0.9083333333333333 0.0140625 0.01875
2 0.816015625 0.4173611111111111 0.0125 0.021527777777777778
2 0.120703125 0.8659722222222223 0.015234375 0.01597222222222222
2 0.425390625 0.058333333333333334 0.010546875 0.01875
2 0.98828125 0.4 0.006640625 0.02847222222222222
2 0.938671875 0.9611111111111111 0.012109375 0.011805555555555555