1 0.619140625 0.8111111111111111 0.02255859375 0.0609375
1 0.370703125 0.4798611111111111 0.02275390625 0.05677083333333333
1 0.778515625 0.5402777777777777 0.02412109375 0.04704861111111111
1 0.784765625 0.89375 0.02890625 0.03177083333333333
1 0.503515625 0.6861111111111111 0.01943359375 0.041840277777777775
1 0.33828125 0.7569444444444444 0.015625 0.05017361111111111
1 0.708984375 0.7215277777777778 0.02568359375 0.028993055555555557
3 0.51796875 0.8361111111111111 0.0263671875 0.027777777777777776
3 0.53828125 0.5597222222222222 0.02021484375 0.0359375
1 0.62265625 0.6881944444444444 0.02021484375 0.034722222222222224
3 0.926171875 0.5159722222222223 0.021875 0.028993055555555557
3 0.18203125 0.7819444444444444 0.02021484375 0.030555555555555555
1 0.66328125 0.5993055555555555 0.02041015625 0.028993055555555557
3 0.579296875 0.5180555555555556 0.01337890625 0.0390625
3 0.71640625 0.3138888888888889 0.0171875 0.030729166666666665
1 0.82421875 0.4708333333333333 0.02490234375 0.022048611111111113
3 0.544140625 0.5284722222222222 0.01337890625 0.03211805555555555
1 0.58046875 0.8395833333333333 0.01240234375 0.034722222222222224
1 0.5265625 0.7451388888888889 0.00791015625 0.051215277777777776
3 0.471875 0.6055555555555555 0.009375 0.030555555555555555
3 0.80234375 0.4618055555555556 0.0017578125 0.0015625
1 0.99140625 0.7618055555555555 0.0171875 0.03194444444444444