2 0.496875 0.38958333333333334 0.027734375 0.044444444444444446
2 0.662109375 0.6645833333333333 0.023828125 0.044444444444444446
2 0.496484375 0.8173611111111111 0.016015625 0.052083333333333336
2 0.4234375 0.27847222222222223 0.019140625 0.03680555555555556
2 0.641015625 0.6666666666666666 0.018359375 0.03888888888888889
2 0.328515625 0.3548611111111111 0.019140625 0.034027777777777775
2 0.455859375 0.5958333333333333 0.01875 0.03333333333333333
2 0.502734375 0.5875 0.012109375 0.05
2 0.352734375 0.5548611111111111 0.023046875 0.024305555555555556
2 0.32578125 0.49722222222222223 0.016015625 0.03333333333333333
2 0.90390625 0.45625 0.012890625 0.03611111111111111
2 0.1796875 0.21319444444444444 0.015625 0.022222222222222223
2 0.283984375 0.7875 0.012890625 0.025
2 0.605859375 0.71875 0.008203125 0.027083333333333334
2 0.294140625 0.7305555555555555 0.009765625 0.016666666666666666
2 0.640234375 0.6013888888888889 0.0109375 0.025694444444444443