3 0.31015625 0.33125 0.056640625 0.16041666666666668
3 0.551953125 0.5048611111111111 0.028515625 0.06736111111111111
2 0.099609375 0.5111111111111111 0.026171875 0.06319444444444444
3 0.458984375 0.28055555555555556 0.01875 0.08055555555555556
2 0.653125 0.40902777777777777 0.026171875 0.05277777777777778
2 0.516796875 0.65625 0.021484375 0.06041666666666667
2 0.469140625 0.39791666666666664 0.021875 0.059027777777777776
3 0.780078125 0.3326388888888889 0.026953125 0.044444444444444446
2 0.410546875 0.28958333333333336 0.030859375 0.03611111111111111
2 0.562109375 0.2833333333333333 0.019921875 0.041666666666666664
3 0.493359375 0.2361111111111111 0.0171875 0.03680555555555556
2 0.387890625 0.47430555555555554 0.0171875 0.03611111111111111
3 0.581640625 0.3020833333333333 0.011328125 0.050694444444444445
2 0.323046875 0.5847222222222223 0.0171875 0.029861111111111113
3 0.540234375 0.42986111111111114 0.016015625 0.025
2 0.67890625 0.41458333333333336 0.013671875 0.027083333333333334
2 0.330078125 0.80625 0.0140625 0.022916666666666665
2 0.49609375 0.4965277777777778 0.015625 0.01597222222222222
3 0.521875 0.3527777777777778 0.014453125 0.014583333333333334