2 0.708984375 0.8291666666666667 0.02568359375 0.030729166666666665
2 0.250390625 0.4979166666666667 0.02119140625 0.03767361111111111
2 0.6234375 0.8805555555555555 0.02021484375 0.03888888888888889
2 0.366015625 0.5763888888888888 0.0171875 0.044444444444444446
2 0.450390625 0.42291666666666666 0.01962890625 0.03611111111111111
2 0.466796875 0.47152777777777777 0.025 0.028993055555555557
2 0.56796875 0.9270833333333334 0.025 0.027777777777777776
2 0.65703125 0.9256944444444445 0.01865234375 0.034895833333333334
2 0.73046875 0.7493055555555556 0.01865234375 0.03211805555555555
2 0.34921875 0.41458333333333336 0.02021484375 0.0265625
2 0.477734375 0.2722222222222222 0.01787109375 0.02795138888888889
2 0.434375 0.4638888888888889 0.01728515625 0.02795138888888889
2 0.453515625 0.45694444444444443 0.01962890625 0.025
2 0.326953125 0.08958333333333333 0.02099609375 0.021006944444444446
2 0.7796875 0.6298611111111111 0.01396484375 0.02621527777777778
2 0.371484375 0.4152777777777778 0.01162109375 0.025173611111111112
2 0.969140625 0.31180555555555556 0.01005859375 0.029340277777777778
2 0.85625 0.47847222222222224 0.015625 0.018229166666666668
2 0.2453125 0.4284722222222222 0.0109375 0.021006944444444446
2 0.788671875 0.5944444444444444 0.01162109375 0.016840277777777777
2 0.7921875 0.6076388888888888 0.015625 0.008333333333333333