2 0.56484375 0.7763888888888889 0.040625 0.07430555555555556
2 0.612109375 0.8340277777777778 0.033984375 0.044444444444444446
2 0.5375 0.5180555555555556 0.01875 0.049305555555555554
2 0.75703125 0.7041666666666667 0.026953125 0.03333333333333333
2 0.546875 0.7229166666666667 0.020703125 0.041666666666666664
2 0.213671875 0.7729166666666667 0.018359375 0.030555555555555555
2 0.871875 0.8909722222222223 0.015625 0.03333333333333333
3 0.578515625 0.7173611111111111 0.023828125 0.017361111111111112
2 0.59296875 0.6305555555555555 0.013671875 0.027083333333333334
2 0.593359375 0.4625 0.012109375 0.02847222222222222
2 0.269140625 0.6534722222222222 0.0109375 0.025694444444444443
2 0.56171875 0.7229166666666667 0.011328125 0.022916666666666665
2 0.266015625 0.9618055555555556 0.0109375 0.017361111111111112
2 0.478515625 0.9354166666666667 0.011328125 0.016666666666666666
2 0.517578125 0.3229166666666667 0.011328125 0.01597222222222222
2 0.472265625 0.6576388888888889 0.008984375 0.01597222222222222
2 0.792578125 0.5826388888888889 0.006640625 0.02013888888888889
2 0.768359375 0.6076388888888888 0.0046875 0.029861111111111113
2 0.746484375 0.8194444444444444 0.005859375 0.01875
2 0.258203125 0.96875 0.009375 0.011111111111111112
2 0.741796875 0.6340277777777777 0.005078125 0.013888888888888888
3 0.226953125 0.22430555555555556 0.025 0.13541666666666666