2 0.95703125 0.6451388888888889 0.02197265625 0.05954861111111111
2 0.530859375 0.4173611111111111 0.028125 0.04600694444444445
2 0.393359375 0.10069444444444445 0.04150390625 0.030555555555555555
2 0.3984375 0.47847222222222224 0.02197265625 0.05677083333333333
2 0.245703125 0.34444444444444444 0.0265625 0.04704861111111111
2 0.022265625 0.5159722222222223 0.015625 0.06111111111111111
2 0.646484375 0.3020833333333333 0.0234375 0.04045138888888889
2 0.35859375 0.9534722222222223 0.02177734375 0.04045138888888889
2 0.759765625 0.5381944444444444 0.01943359375 0.044444444444444446
2 0.445703125 0.9555555555555556 0.01962890625 0.03315972222222222
2 0.758984375 0.2673611111111111 0.021875 0.02621527777777778
2 0.45859375 0.1375 0.0140625 0.027777777777777776
2 0.9375 0.5111111111111111 0.01259765625 0.019618055555555555
2 0.503125 0.18680555555555556 0.01396484375 0.019444444444444445
2 0.225 0.4270833333333333 0.0109375 0.0234375
2 0.4171875 0.24305555555555555 0.01416015625 0.024826388888888887