2 0.7578125 0.7756944444444445 0.044921875 0.07222222222222222
2 0.684765625 0.3145833333333333 0.031640625 0.04791666666666667
2 0.637890625 0.3236111111111111 0.023828125 0.052083333333333336
0 0.46640625 0.09236111111111112 0.023046875 0.04375
2 0.5796875 0.3506944444444444 0.017578125 0.04722222222222222
2 0.50703125 0.2875 0.03125 0.024305555555555556
1 0.427734375 0.9298611111111111 0.0203125 0.035416666666666666
0 0.317578125 0.14791666666666667 0.016015625 0.03680555555555556
2 0.618359375 0.2881944444444444 0.015625 0.03263888888888889
2 0.51015625 0.31180555555555556 0.018359375 0.025694444444444443
1 0.5203125 0.9868055555555556 0.0171875 0.022916666666666665
1 0.533203125 0.8381944444444445 0.009375 0.027083333333333334
1 0.371875 0.7409722222222223 0.0109375 0.022222222222222223
1 0.417578125 0.7395833333333334 0.009765625 0.017361111111111112
2 0.478515625 0.10347222222222222 0.012109375 0.010416666666666666
1 0.324609375 0.5486111111111112 0.00625 0.011805555555555555
2 0.48046875 0.3104166666666667 0.006640625 0.010416666666666666
2 0.416796875 0.35208333333333336 0.005078125 0.009027777777777777