0 0.333984375 0.5423611111111111 0.03037109375 0.05555555555555555
2 0.493359375 0.6784722222222223 0.02275390625 0.05555555555555555
2 0.511328125 0.21736111111111112 0.01943359375 0.05277777777777778
2 0.682421875 0.3701388888888889 0.02255859375 0.043229166666666666
0 0.737890625 0.8013888888888889 0.02587890625 0.03611111111111111
2 0.749609375 0.8319444444444445 0.025 0.0359375
2 0.645703125 0.6659722222222222 0.02568359375 0.03454861111111111
2 0.3171875 0.7097222222222223 0.0203125 0.03888888888888889
2 0.50703125 0.7881944444444444 0.01875 0.03211805555555555
2 0.741015625 0.9548611111111112 0.0140625 0.041666666666666664
3 0.130078125 0.4409722222222222 0.01181640625 0.04565972222222222
2 0.949609375 0.6159722222222223 0.0125 0.03767361111111111
2 0.13203125 0.6083333333333333 0.01240234375 0.03871527777777778
2 0.714453125 0.9326388888888889 0.025 0.018229166666666668
2 0.43515625 0.30833333333333335 0.01572265625 0.027777777777777776
2 0.192578125 0.8986111111111111 0.01162109375 0.030555555555555555
2 0.441796875 0.9868055555555556 0.0203125 0.015104166666666667
2 0.8046875 0.9881944444444445 0.01259765625 0.02065972222222222
2 0.166796875 0.48333333333333334 0.0109375 0.022395833333333334
2 0.404296875 0.8076388888888889 0.01162109375 0.02065972222222222
2 0.80546875 0.8069444444444445 0.0140625 0.016666666666666666
2 0.004296875 0.3277777777777778 0.00859375 0.022222222222222223
2 0.578125 0.7715277777777778 0.00927734375 0.017881944444444443
2 0.641796875 0.6138888888888889 0.01474609375 0.008506944444444444
2 0.79765625 0.9569444444444445 0.00615234375 0.0140625