0 0.675390625 0.5326388888888889 0.03125 0.06232638888888889
2 0.359765625 0.49236111111111114 0.02099609375 0.05
2 0.30703125 0.8284722222222223 0.01416015625 0.03732638888888889
2 0.70703125 0.19722222222222222 0.01240234375 0.03871527777777778
2 0.933203125 0.47152777777777777 0.01162109375 0.034895833333333334
2 0.494921875 0.7104166666666667 0.01630859375 0.02378472222222222
2 0.259765625 0.6395833333333333 0.0125 0.025
2 0.2359375 0.3472222222222222 0.00947265625 0.030381944444444444
2 0.305078125 0.40902777777777777 0.01005859375 0.02378472222222222
2 0.6609375 0.5854166666666667 0.01396484375 0.016666666666666666
2 0.621484375 0.8201388888888889 0.01025390625 0.01545138888888889