3 0.691796875 0.6333333333333333 0.027734375 0.06736111111111111
2 0.8140625 0.9027777777777778 0.024609375 0.05555555555555555
2 0.7421875 0.9597222222222223 0.034765625 0.034027777777777775
2 0.13125 0.3736111111111111 0.01875 0.05
2 0.608203125 0.4097222222222222 0.021484375 0.030555555555555555
2 0.116796875 0.5958333333333333 0.009375 0.044444444444444446
2 0.1046875 0.5993055555555555 0.0109375 0.03611111111111111
2 0.456640625 0.5104166666666666 0.0140625 0.022222222222222223
2 0.731640625 0.8236111111111111 0.010546875 0.029861111111111113
2 0.38125 0.9326388888888889 0.011328125 0.022916666666666665
2 0.036328125 0.4340277777777778 0.011328125 0.02013888888888889
2 0.726953125 0.7409722222222223 0.0109375 0.021527777777777778
2 0.68671875 0.6125 0.007421875 0.016666666666666666
2 0.79140625 0.8201388888888889 0.0078125 0.013888888888888888
0 0.035546875 0.2826388888888889 0.016015625 0.04513888888888889