3 0.9078125 0.8854166666666666 0.067578125 0.22847222222222222
3 0.784765625 0.7840277777777778 0.032421875 0.06944444444444445
3 0.825 0.9743055555555555 0.028125 0.050694444444444445
2 0.85625 0.30625 0.0265625 0.04652777777777778
2 0.1125 0.7048611111111112 0.0171875 0.04722222222222222
3 0.75234375 0.5368055555555555 0.020703125 0.03888888888888889
2 0.892578125 0.6027777777777777 0.019140625 0.041666666666666664
3 0.76875 0.6270833333333333 0.01875 0.03680555555555556
2 0.490625 0.7097222222222223 0.01875 0.034027777777777775
3 0.667578125 0.47152777777777777 0.016015625 0.03263888888888889
3 0.701953125 0.5298611111111111 0.0203125 0.022916666666666665
2 0.29453125 0.28055555555555556 0.019140625 0.022916666666666665
2 0.8421875 0.21180555555555555 0.015625 0.025
2 0.060546875 0.4895833333333333 0.018359375 0.017361111111111112
2 0.154296875 0.8326388888888889 0.015625 0.019444444444444445
2 0.080859375 0.4375 0.013671875 0.022916666666666665
2 0.117578125 0.6201388888888889 0.008984375 0.030555555555555555
2 0.00234375 0.6645833333333333 0.0046875 0.027083333333333334
2 0.981640625 0.7736111111111111 0.009765625 0.02847222222222222