3 0.36171875 0.8798611111111111 0.0736328125 0.09722222222222222
3 0.696875 0.6680555555555555 0.034375 0.041666666666666664
0 0.388671875 0.2013888888888889 0.0328125 0.04201388888888889
3 0.46328125 0.5611111111111111 0.0138671875 0.09739583333333333
0 0.38203125 0.4361111111111111 0.0359375 0.02795138888888889
0 0.51171875 0.5381944444444444 0.02666015625 0.03211805555555555
0 0.64140625 0.8222222222222222 0.02333984375 0.022569444444444444
3 0.87734375 0.4638888888888889 0.0140625 0.03871527777777778
0 0.62578125 0.8819444444444444 0.01884765625 0.022395833333333334
2 0.57109375 0.4513888888888889 0.01572265625 0.024826388888888887
0 0.516015625 0.775 0.01162109375 0.03315972222222222
2 0.568359375 0.44305555555555554 0.02421875 0.030208333333333334