3 0.27421875 0.8229166666666666 0.013671875 0.13125
0 0.294140625 0.7506944444444444 0.016796875 0.08541666666666667
0 0.7578125 0.7958333333333333 0.014453125 0.06666666666666667
3 0.60390625 0.7465277777777778 0.0359375 0.025694444444444443
0 0.238671875 0.7972222222222223 0.023046875 0.03680555555555556
0 0.220703125 0.5402777777777777 0.016015625 0.050694444444444445
0 0.90625 0.38680555555555557 0.016796875 0.04722222222222222
2 0.816796875 0.5631944444444444 0.023046875 0.02847222222222222
2 0.91484375 0.2972222222222222 0.01875 0.027777777777777776
2 0.41875 0.6395833333333333 0.013671875 0.02013888888888889
2 0.896484375 0.5048611111111111 0.009765625 0.022222222222222223
0 0.20390625 0.27152777777777776 0.008203125 0.022222222222222223
2 0.784765625 0.8388888888888889 0.008984375 0.013888888888888888
2 0.265234375 0.6375 0.0046875 0.008333333333333333
2 0.890234375 0.3875 0.005078125 0.005555555555555556