3 0.23828125 0.8458333333333333 0.03271484375 0.058333333333333334
0 0.551171875 0.19930555555555557 0.02431640625 0.058333333333333334
3 0.755859375 0.41805555555555557 0.02880859375 0.02795138888888889
0 0.786328125 0.6694444444444444 0.02275390625 0.030729166666666665
0 0.433984375 0.9875 0.02568359375 0.025
0 0.197265625 0.3701388888888889 0.0203125 0.030555555555555555
3 0.81953125 0.7347222222222223 0.01875 0.0609375
0 0.162890625 0.7604166666666666 0.01474609375 0.04045138888888889
0 0.611328125 0.33541666666666664 0.028125 0.042881944444444445
0 0.804296875 0.6361111111111111 0.028125 0.041666666666666664
0 0.131640625 0.5645833333333333 0.01494140625 0.03211805555555555
0 0.136328125 0.17430555555555555 0.01337890625 0.03211805555555555
3 0.339453125 0.8458333333333333 0.02255859375 0.041493055555555554
3 0.486328125 0.9458333333333333 0.01474609375 0.030381944444444444
2 0.821484375 0.44513888888888886 0.01474609375 0.029340277777777778
0 0.660546875 0.2534722222222222 0.02099609375 0.03732638888888889
2 0.077734375 0.6381944444444444 0.01025390625 0.034895833333333334
0 0.311328125 0.7611111111111111 0.0140625 0.025
0 0.159765625 0.21875 0.01650390625 0.03611111111111111
0 0.180859375 0.5479166666666667 0.01181640625 0.027777777777777776
3 0.837109375 0.3798611111111111 0.01962890625 0.034895833333333334
2 0.38359375 0.6444444444444445 0.0109375 0.030381944444444444
0 0.087109375 0.8145833333333333 0.00869140625 0.03177083333333333
0 0.35234375 0.6722222222222223 0.01572265625 0.016840277777777777
3 0.531640625 0.8479166666666667 0.0171875 0.029340277777777778
0 0.339453125 0.7743055555555556 0.01337890625 0.019444444444444445
0 0.112890625 0.50625 0.01162109375 0.022222222222222223
3 0.521484375 0.6340277777777777 0.01806640625 0.029340277777777778
3 0.707421875 0.7979166666666667 0.0109375 0.0234375
3 0.14140625 0.6743055555555556 0.01552734375 0.03211805555555555
3 0.798828125 0.6131944444444445 0.01005859375 0.022222222222222223
0 0.130859375 0.6923611111111111 0.00849609375 0.025
2 0.867578125 0.4173611111111111 0.0109375 0.018229166666666668
2 0.154296875 0.7326388888888888 0.0078125 0.025
2 0.502734375 0.9729166666666667 0.009375 0.044444444444444446
2 0.563671875 0.6777777777777778 0.0125 0.013888888888888888
0 0.179296875 0.5173611111111112 0.0078125 0.0234375
2 0.5953125 0.9479166666666666 0.00927734375 0.018229166666666668
3 0.673046875 0.4305555555555556 0.0109375 0.0140625
0 0.162109375 0.5354166666666667 0.00869140625 0.018229166666666668
3 0.793359375 0.3284722222222222 0.0078125 0.02065972222222222
2 0.828515625 0.7006944444444444 0.01337890625 0.0234375
3 0.33828125 0.7569444444444444 0.01083984375 0.013715277777777778
0 0.369921875 0.8618055555555556 0.01318359375 0.02065972222222222
3 0.566796875 0.10138888888888889 0.00869140625 0.0140625
2 0.116015625 0.7381944444444445 0.00625 0.021006944444444446
3 0.187109375 0.31666666666666665 0.01181640625 0.022048611111111113
3 0.116015625 0.7048611111111112 0.00712890625 0.016666666666666666
3 0.71796875 0.6430555555555556 0.009375 0.013715277777777778
3 0.644921875 0.22361111111111112 0.009375 0.011284722222222222
0 0.346484375 0.8256944444444444 0.01181640625 0.017881944444444443
0 0.115625 0.21597222222222223 0.00771484375 0.013888888888888888
3 0.617578125 0.2361111111111111 0.00693359375 0.013888888888888888
3 0.430859375 0.7451388888888889 0.0046875 0.019444444444444445
3 0.712109375 0.75625 0.00849609375 0.009895833333333333
3 0.84609375 0.93125 0.0078125 0.011111111111111112
3 0.7328125 0.4215277777777778 0.00634765625 0.012673611111111111
2 0.30234375 0.6159722222222223 0.00634765625 0.012673611111111111
3 0.068359375 0.83125 0.00693359375 0.012673611111111111
3 0.534765625 0.6069444444444444 0.00849609375 0.0109375
3 0.034765625 0.7284722222222222 0.00693359375 0.012326388888888888
3 0.01796875 0.5909722222222222 0.00478515625 0.013888888888888888
3 0.846875 0.78125 0.00478515625 0.009895833333333333
3 0.033203125 0.5354166666666667 0.00380859375 0.012326388888888888
2 0.45625 0.6798611111111111 0.00615234375 0.008333333333333333
3 0.708203125 0.2881944444444444 0.00556640625 0.007118055555555555
3 0.326171875 0.7479166666666667 0.0046875 0.009548611111111112
3 0.831640625 0.79375 0.00380859375 0.009548611111111112
3 0.385546875 0.7854166666666667 0.00400390625 0.007118055555555555
3 0.709375 0.3159722222222222 0.00322265625 0.007118055555555555
2 0.495703125 0.7131944444444445 0.0046875 0.005555555555555556
3 0.685546875 0.49236111111111114 0.01025390625 0.03611111111111111