1 0.072265625 0.7375 0.14453125 0.08888888888888889
1 0.309765625 0.5076388888888889 0.0359375 0.02638888888888889
1 0.4046875 0.4548611111111111 0.02421875 0.018055555555555554
1 0.337890625 0.4597222222222222 0.03046875 0.011111111111111112
1 0.419921875 0.4638888888888889 0.01953125 0.015277777777777777
1 0.473828125 0.4986111111111111 0.01171875 0.018055555555555554
1 0.366015625 0.44930555555555557 0.01328125 0.013888888888888888
1 0.326953125 0.4340277777777778 0.01640625 0.011111111111111112
1 0.376953125 0.44930555555555557 0.009375 0.015277777777777777
1 0.3859375 0.45 0.00859375 0.0125
1 0.33828125 0.4444444444444444 0.00625 0.015277777777777777
1 0.63046875 0.4236111111111111 0.01015625 0.008333333333333333
1 0.5859375 0.42430555555555555 0.009375 0.008333333333333333
1 0.369140625 0.42569444444444443 0.00703125 0.005555555555555556
1 0.60859375 0.425 0.00625 0.005555555555555556
1 0.669140625 0.4201388888888889 0.0046875 0.005555555555555556
1 0.769140625 0.4340277777777778 0.01328125 0.008333333333333333