3 0.901953125 0.8708333333333333 0.04306640625 0.11388888888888889
0 0.671484375 0.7631944444444444 0.03212890625 0.057118055555555554
0 0.819921875 0.79375 0.03349609375 0.051215277777777776
0 0.786328125 0.6048611111111111 0.02099609375 0.05555555555555555
3 0.641796875 0.90625 0.01962890625 0.05434027777777778
0 0.61796875 0.1798611111111111 0.01875 0.03732638888888889
2 0.642578125 0.5930555555555556 0.01875 0.030555555555555555
2 0.755078125 0.4909722222222222 0.01494140625 0.034895833333333334
2 0.798046875 0.5680555555555555 0.01181640625 0.041666666666666664
0 0.7453125 0.4048611111111111 0.025 0.019444444444444445
2 0.630078125 0.3277777777777778 0.01318359375 0.024826388888888887
2 0.603515625 0.18888888888888888 0.0125 0.022222222222222223