0 0.623046875 0.7173611111111111 0.041796875 0.08958333333333333
0 0.333203125 0.8819444444444444 0.0453125 0.06944444444444445
3 0.580078125 0.12291666666666666 0.027734375 0.07013888888888889
0 0.642578125 0.6868055555555556 0.021875 0.04652777777777778
3 0.9734375 0.5868055555555556 0.011328125 0.05
0 0.628515625 0.8895833333333333 0.014453125 0.03819444444444445
2 0.8484375 0.7291666666666666 0.016015625 0.027777777777777776
3 0.947265625 0.91875 0.0125 0.03333333333333333
3 0.670703125 0.3645833333333333 0.0109375 0.03680555555555556
3 0.800390625 0.8326388888888889 0.005859375 0.05625
2 0.801953125 0.5180555555555556 0.00625 0.052083333333333336
0 0.58984375 0.5895833333333333 0.009765625 0.03263888888888889
3 0.955078125 0.9770833333333333 0.0125 0.025
3 0.01328125 0.7194444444444444 0.0109375 0.025694444444444443
3 0.61015625 0.6020833333333333 0.009375 0.02847222222222222
3 0.929296875 0.9756944444444444 0.010546875 0.025
2 0.846484375 0.6888888888888889 0.010546875 0.022222222222222223
3 0.726953125 0.6666666666666666 0.011328125 0.019444444444444445
3 0.7703125 0.7256944444444444 0.010546875 0.021527777777777778
3 0.2 0.5319444444444444 0.008984375 0.019444444444444445
2 0.617578125 0.48055555555555557 0.008203125 0.02013888888888889
3 0.737890625 0.7625 0.012109375 0.013888888888888888
2 0.218359375 0.40555555555555556 0.008203125 0.01875
2 0.7609375 0.7659722222222223 0.008984375 0.01597222222222222
3 0.769921875 0.7486111111111111 0.008984375 0.01597222222222222
3 0.02890625 0.9680555555555556 0.008203125 0.013888888888888888
3 0.021484375 0.7868055555555555 0.00625 0.017361111111111112
3 0.182421875 0.5597222222222222 0.00625 0.016666666666666666
3 0.81171875 0.7743055555555556 0.0046875 0.021527777777777778
3 0.629296875 0.8118055555555556 0.008984375 0.010416666666666666
3 0.726953125 0.80625 0.006640625 0.013194444444444444
2 0.759765625 0.7472222222222222 0.007421875 0.011111111111111112
3 0.0421875 0.5951388888888889 0.005078125 0.014583333333333334
3 0.231640625 0.48125 0.005859375 0.010416666666666666
3 0.155078125 0.39861111111111114 0.008203125 0.009027777777777777