0 0.5015625 0.9569444444444445 0.0375 0.0609375
0 0.204296875 0.07569444444444444 0.015625 0.057118055555555554
2 0.834375 0.6506944444444445 0.01884765625 0.04045138888888889
0 0.312890625 0.2972222222222222 0.01650390625 0.041493055555555554
2 0.618359375 0.5201388888888889 0.01875 0.03454861111111111
2 0.646484375 0.93125 0.01806640625 0.029340277777777778
2 0.994140625 0.80625 0.01025390625 0.03454861111111111
2 0.984765625 0.5847222222222223 0.00869140625 0.027777777777777776
2 0.948046875 0.6840277777777778 0.00869140625 0.022222222222222223
2 0.96328125 0.65625 0.00947265625 0.018229166666666668
2 0.27265625 0.14930555555555555 0.01396484375 0.03333333333333333