3 0.516796875 0.9284722222222223 0.09599609375 0.10399305555555556
3 0.533203125 0.3576388888888889 0.03369140625 0.06944444444444445
2 0.495703125 0.7979166666666667 0.03681640625 0.0515625
3 0.560546875 0.275 0.0375 0.0359375
2 0.378125 0.17708333333333334 0.0234375 0.044444444444444446
2 0.5796875 0.9104166666666667 0.021875 0.042881944444444445
3 0.590625 0.33125 0.01552734375 0.05954861111111111
2 0.362890625 0.19930555555555557 0.015625 0.044444444444444446
2 0.576953125 0.3263888888888889 0.01181640625 0.05538194444444444
2 0.474609375 0.29930555555555555 0.01494140625 0.019444444444444445
2 0.56484375 0.30416666666666664 0.00791015625 0.03611111111111111
3 0.599609375 0.29305555555555557 0.01181640625 0.019618055555555555
2 0.556640625 0.33541666666666664 0.01005859375 0.01545138888888889
2 0.5484375 0.33125 0.00927734375 0.015104166666666667
2 0.485546875 0.2902777777777778 0.00556640625 0.016493055555555556