0 0.495703125 0.9201388888888888 0.02587890625 0.051215277777777776
0 0.848046875 0.5944444444444444 0.0234375 0.05555555555555555
3 0.290234375 0.07569444444444444 0.021875 0.0484375
0 0.6765625 0.30833333333333335 0.02197265625 0.03350694444444444
3 0.409765625 0.5430555555555555 0.02099609375 0.03350694444444444
0 0.261328125 0.3951388888888889 0.01181640625 0.05434027777777778
3 0.152734375 0.9354166666666667 0.01875 0.027777777777777776
3 0.806640625 0.5402777777777777 0.01630859375 0.03315972222222222
0 0.7953125 0.69375 0.0125 0.03611111111111111
0 0.5515625 0.6979166666666666 0.0140625 0.03211805555555555
3 0.893359375 0.2423611111111111 0.01162109375 0.04010416666666667
2 0.254296875 0.9736111111111111 0.0109375 0.036284722222222225
3 0.859765625 0.13541666666666666 0.01318359375 0.030555555555555555
0 0.765234375 0.7354166666666667 0.0109375 0.03611111111111111
0 0.78359375 0.8854166666666666 0.01552734375 0.025
3 0.705859375 0.9881944444444445 0.01962890625 0.019444444444444445
3 0.732421875 0.9493055555555555 0.01337890625 0.0265625
0 0.3078125 0.13819444444444445 0.01416015625 0.025
2 0.325 0.3326388888888889 0.01416015625 0.02378472222222222
0 0.78828125 0.7354166666666667 0.01396484375 0.0265625
2 0.638671875 0.12569444444444444 0.0109375 0.03177083333333333
0 0.2703125 0.13333333333333333 0.01572265625 0.022048611111111113
2 0.76875 0.4423611111111111 0.0125 0.027777777777777776
2 0.83671875 0.1701388888888889 0.00625 0.05277777777777778
3 0.34296875 0.22083333333333333 0.00927734375 0.03611111111111111
3 0.355859375 0.6131944444444445 0.01318359375 0.02378472222222222
3 0.3546875 0.022916666666666665 0.00947265625 0.03177083333333333
3 0.849609375 0.2388888888888889 0.01474609375 0.019444444444444445
3 0.320703125 0.3993055555555556 0.01650390625 0.01545138888888889
2 0.633203125 0.15138888888888888 0.01318359375 0.019618055555555555
3 0.5921875 0.11875 0.01240234375 0.022222222222222223
3 0.214453125 0.9333333333333333 0.01181640625 0.022048611111111113
3 0.530078125 0.11666666666666667 0.01162109375 0.022048611111111113
3 0.370703125 0.5180555555555556 0.01181640625 0.019444444444444445
3 0.333984375 0.014583333333333334 0.01181640625 0.018229166666666668
3 0.782421875 0.2111111111111111 0.0109375 0.019618055555555555
2 0.787109375 0.16041666666666668 0.00712890625 0.030555555555555555
2 0.462109375 0.7868055555555555 0.01025390625 0.02065972222222222
3 0.70234375 0.9333333333333333 0.00791015625 0.024826388888888887
3 0.195703125 0.5701388888888889 0.00625 0.03211805555555555
3 0.3046875 0.05 0.0109375 0.016840277777777777
3 0.190234375 0.8361111111111111 0.00849609375 0.022395833333333334
0 0.073046875 0.1840277777777778 0.00712890625 0.02621527777777778
2 0.755859375 0.3076388888888889 0.0109375 0.016666666666666666
3 0.757421875 0.9006944444444445 0.01337890625 0.012673611111111111
2 0.465234375 0.85 0.0078125 0.022222222222222223
3 0.319921875 0.4173611111111111 0.01181640625 0.012673611111111111
3 0.793359375 0.4618055555555556 0.00693359375 0.0234375
3 0.310546875 0.2972222222222222 0.00625 0.025
0 0.873046875 0.19236111111111112 0.009375 0.01545138888888889
2 0.028515625 0.38125 0.00625 0.022222222222222223
3 0.339453125 0.46597222222222223 0.0109375 0.012326388888888888
2 0.559765625 0.03125 0.009375 0.013888888888888888
3 0.78203125 0.27847222222222223 0.00771484375 0.01545138888888889
3 0.758984375 0.6895833333333333 0.00849609375 0.012673611111111111
0 0.376953125 0.8284722222222223 0.009375 0.012326388888888888
3 0.211328125 0.8854166666666666 0.00712890625 0.01545138888888889
3 0.336328125 0.2743055555555556 0.0078125 0.012326388888888888
2 0.869921875 0.30416666666666664 0.00693359375 0.013888888888888888
3 0.300390625 0.3388888888888889 0.00625 0.016493055555555556
3 0.887890625 0.4673611111111111 0.00400390625 0.022222222222222223
2 0.368359375 0.7034722222222223 0.00625 0.013888888888888888
3 0.330078125 0.16319444444444445 0.0078125 0.009895833333333333
2 0.786328125 0.19236111111111112 0.00869140625 0.009548611111111112
3 0.054296875 0.8659722222222223 0.00537109375 0.01545138888888889
3 0.350390625 0.44513888888888886 0.00400390625 0.018229166666666668
2 0.403125 0.8486111111111111 0.00458984375 0.016493055555555556
3 0.325 0.1798611111111111 0.00322265625 0.017881944444444443
3 0.007421875 0.7770833333333333 0.00625 0.009895833333333333
3 0.30859375 0.34305555555555556 0.00478515625 0.011111111111111112
3 0.220703125 0.7159722222222222 0.0046875 0.011111111111111112
3 0.162890625 0.7305555555555555 0.00625 0.008159722222222223
2 0.410546875 0.8090277777777778 0.00400390625 0.009548611111111112
3 0.337890625 0.4465277777777778 0.00556640625 0.0067708333333333336
3 0.78125 0.23541666666666666 0.00458984375 0.015104166666666667