3 0.30859375 0.8784722222222222 0.034375 0.08958333333333333
0 0.4078125 0.4798611111111111 0.0328125 0.06041666666666667
0 0.1625 0.7701388888888889 0.022265625 0.04722222222222222
2 0.138671875 0.7319444444444444 0.013671875 0.044444444444444446
0 0.074609375 0.6145833333333334 0.009765625 0.03125
2 0.05 0.3506944444444444 0.007421875 0.027083333333333334
2 0.1359375 0.13333333333333333 0.008203125 0.021527777777777778
2 0.242578125 0.7104166666666667 0.011328125 0.01597222222222222
2 0.31328125 0.20555555555555555 0.0078125 0.01875
2 0.083984375 0.19930555555555557 0.006640625 0.01597222222222222
2 0.09921875 0.6270833333333333 0.00625 0.013194444444444444
2 0.146484375 0.4673611111111111 0.005859375 0.013194444444444444
2 0.253515625 0.2916666666666667 0.0046875 0.010416666666666666
2 0.169140625 0.425 0.003515625 0.009027777777777777