3 0.844140625 0.7458333333333333 0.05087890625 0.11128472222222222
3 0.1921875 0.34375 0.0203125 0.05555555555555555
2 0.762890625 0.71875 0.021875 0.051215277777777776
3 0.760546875 0.3229166666666667 0.03056640625 0.03333333333333333
3 0.40390625 0.09513888888888888 0.0234375 0.03732638888888889
2 0.362109375 0.13680555555555557 0.02099609375 0.029340277777777778
2 0.723046875 0.7923611111111111 0.021875 0.027777777777777776
3 0.186328125 0.44027777777777777 0.01474609375 0.0390625
3 0.758984375 0.7701388888888889 0.01787109375 0.028993055555555557
2 0.497265625 0.35 0.01337890625 0.024826388888888887
2 0.320703125 0.1423611111111111 0.01025390625 0.02378472222222222