3 0.155859375 0.5180555555555556 0.02568359375 0.07239583333333334
2 0.186328125 0.22430555555555556 0.0234375 0.04565972222222222
3 0.087890625 0.19791666666666666 0.01630859375 0.05954861111111111
0 0.054296875 0.2326388888888889 0.015625 0.051215277777777776
3 0.137109375 0.3104166666666667 0.01494140625 0.04010416666666667
2 0.53984375 0.3277777777777778 0.0140625 0.03871527777777778
3 0.112890625 0.5020833333333333 0.01787109375 0.0265625
2 0.142578125 0.2743055555555556 0.015625 0.029340277777777778
2 0.493359375 0.8048611111111111 0.01630859375 0.0265625
2 0.669140625 0.4583333333333333 0.0203125 0.016840277777777777
2 0.234765625 0.4673611111111111 0.0125 0.028993055555555557
2 0.203515625 0.43472222222222223 0.01162109375 0.027604166666666666
2 0.6390625 0.14097222222222222 0.01103515625 0.022222222222222223
2 0.31015625 0.7784722222222222 0.00791015625 0.028993055555555557
2 0.133203125 0.6534722222222222 0.0078125 0.02621527777777778
2 0.644921875 0.15694444444444444 0.009375 0.019444444444444445
2 0.215234375 0.2013888888888889 0.00625 0.025
2 0.21640625 0.8854166666666666 0.00771484375 0.016666666666666666
3 0.1328125 0.18125 0.01728515625 0.02378472222222222