0 0.873046875 0.9375 0.031640625 0.09513888888888888
2 0.290234375 0.7180555555555556 0.028515625 0.04722222222222222
0 0.623828125 0.30486111111111114 0.019140625 0.050694444444444445
2 0.230859375 0.35138888888888886 0.01875 0.03958333333333333
1 0.898828125 0.18958333333333333 0.015625 0.04236111111111111
0 0.7171875 0.3680555555555556 0.0171875 0.03333333333333333
0 0.69765625 0.45694444444444443 0.017578125 0.030555555555555555
1 0.55546875 0.6340277777777777 0.011328125 0.03819444444444445
3 0.890234375 0.4423611111111111 0.010546875 0.03888888888888889
2 0.30859375 0.16180555555555556 0.025390625 0.014583333333333334
0 0.168359375 0.16180555555555556 0.013671875 0.025
0 0.848828125 0.8201388888888889 0.007421875 0.03611111111111111
3 0.908203125 0.23680555555555555 0.008984375 0.027083333333333334
2 0.87421875 0.8715277777777778 0.010546875 0.022222222222222223
0 0.809765625 0.09583333333333334 0.0125 0.016666666666666666
3 0.111328125 0.3993055555555556 0.010546875 0.02013888888888889
0 0.794921875 0.9055555555555556 0.006640625 0.027777777777777776
3 0.965234375 0.15416666666666667 0.007421875 0.025
2 0.725390625 0.8333333333333334 0.0078125 0.022222222222222223
2 0.776171875 0.44375 0.011328125 0.014583333333333334
3 0.06328125 0.28888888888888886 0.006640625 0.022222222222222223
0 0.898046875 0.3993055555555556 0.007421875 0.017361111111111112
2 0.855078125 0.4638888888888889 0.006640625 0.014583333333333334
2 0.905078125 0.5104166666666666 0.005859375 0.014583333333333334
3 0.1484375 0.47291666666666665 0.005078125 0.013888888888888888
1 0.258203125 0.9680555555555556 0.009765625 0.01875