0 0.98359375 0.8291666666666667 0.0328125 0.0798611111111111
2 0.59453125 0.5444444444444444 0.0234375 0.052083333333333336
2 0.675390625 0.7715277777777778 0.023046875 0.04513888888888889
2 0.63515625 0.7104166666666667 0.019921875 0.04652777777777778
0 0.774609375 0.2125 0.016015625 0.041666666666666664
0 0.744140625 0.17222222222222222 0.015234375 0.03680555555555556
2 0.226953125 0.8604166666666667 0.019921875 0.027083333333333334
2 0.311328125 0.68125 0.019140625 0.027083333333333334
2 0.793359375 0.8111111111111111 0.016796875 0.027777777777777776
2 0.787890625 0.8868055555555555 0.011328125 0.03958333333333333
2 0.746875 0.23819444444444443 0.013671875 0.03125
2 0.88203125 0.2625 0.013671875 0.02847222222222222
2 0.630859375 0.3784722222222222 0.0140625 0.027083333333333334
2 0.944140625 0.45 0.012109375 0.02847222222222222
2 0.782421875 0.7229166666666667 0.0109375 0.027083333333333334
2 0.722265625 0.4895833333333333 0.011328125 0.024305555555555556
2 0.1609375 0.5722222222222222 0.019921875 0.013194444444444444
2 0.71328125 0.2826388888888889 0.011328125 0.022222222222222223
2 0.494921875 0.95625 0.015234375 0.016666666666666666
2 0.742578125 0.43680555555555556 0.0125 0.01875
2 0.333984375 0.7277777777777777 0.0125 0.017361111111111112
2 0.603515625 0.9354166666666667 0.0125 0.017361111111111112
2 0.544140625 0.6784722222222223 0.013671875 0.01597222222222222
2 0.836328125 0.1076388888888889 0.0109375 0.019444444444444445
2 0.721484375 0.39166666666666666 0.007421875 0.025
2 0.770703125 0.1111111111111111 0.011328125 0.014583333333333334
2 0.651171875 0.86875 0.008203125 0.011111111111111112
2 0.77734375 0.3298611111111111 0.0078125 0.011111111111111112
2 0.066015625 0.8138888888888889 0.005078125 0.01597222222222222
2 0.823828125 0.16319444444444445 0.005859375 0.013888888888888888
2 0.180859375 0.95625 0.005078125 0.014583333333333334
2 0.674609375 0.9055555555555556 0.0078125 0.009027777777777777
2 0.715234375 0.4173611111111111 0.005078125 0.011111111111111112
2 0.821875 0.09027777777777778 0.002734375 0.011805555555555555