1 0.095703125 0.6 0.075 0.04479166666666667
1 0.203515625 0.6 0.06796875 0.04479166666666667
1 0.697265625 0.6541666666666667 0.0390625 0.06388888888888888
1 0.82734375 0.4638888888888889 0.0294921875 0.017013888888888887
1 0.056640625 0.4479166666666667 0.02109375 0.013888888888888888
1 0.3625 0.4444444444444444 0.0234375 0.011111111111111112
1 0.3890625 0.48819444444444443 0.0125 0.020833333333333332
1 0.084765625 0.4527777777777778 0.01328125 0.013888888888888888
2 0.4234375 0.4618055555555556 0.0125 0.011111111111111112
2 0.21015625 0.4486111111111111 0.0125 0.011111111111111112
1 0.951953125 0.44722222222222224 0.0140625 0.008333333333333333