3 0.27421875 0.8229166666666666 0.01396484375 0.13177083333333334
0 0.294140625 0.7506944444444444 0.01650390625 0.08489583333333334
0 0.7578125 0.7958333333333333 0.01416015625 0.06666666666666667
3 0.60390625 0.7465277777777778 0.0359375 0.02621527777777778
0 0.238671875 0.7972222222222223 0.02275390625 0.036284722222222225
0 0.220703125 0.5402777777777777 0.01630859375 0.05017361111111111
0 0.90625 0.38680555555555557 0.01708984375 0.04722222222222222
2 0.816796875 0.5631944444444444 0.02275390625 0.028993055555555557
2 0.91484375 0.2972222222222222 0.01875 0.027777777777777776
2 0.41875 0.6395833333333333 0.01396484375 0.02065972222222222
2 0.896484375 0.5048611111111111 0.01005859375 0.022222222222222223
0 0.20390625 0.27152777777777776 0.00791015625 0.022222222222222223
2 0.784765625 0.8388888888888889 0.00869140625 0.013888888888888888
2 0.265234375 0.6375 0.0046875 0.008333333333333333
2 0.890234375 0.3875 0.00537109375 0.005555555555555556