3 0.905078125 0.35625 0.037890625 0.2951388888888889
3 0.848046875 0.6979166666666666 0.0578125 0.13680555555555557
3 0.911328125 0.8701388888888889 0.0375 0.11319444444444444
0 0.8828125 0.5930555555555556 0.0171875 0.06875
0 0.801171875 0.6597222222222222 0.019140625 0.04652777777777778
2 0.390234375 0.5368055555555555 0.022265625 0.03819444444444445
2 0.350390625 0.5909722222222222 0.017578125 0.04791666666666667
2 0.1375 0.13819444444444445 0.016015625 0.044444444444444446
2 0.551171875 0.3486111111111111 0.01875 0.03611111111111111
2 0.74375 0.5444444444444444 0.018359375 0.035416666666666666
2 0.64375 0.5965277777777778 0.0171875 0.03611111111111111
2 0.11875 0.3659722222222222 0.014453125 0.041666666666666664
2 0.7203125 0.4340277777777778 0.018359375 0.03125
0 0.278125 0.0875 0.016796875 0.03263888888888889
0 0.84921875 0.8034722222222223 0.023046875 0.022222222222222223
2 0.008203125 0.26180555555555557 0.012890625 0.03611111111111111
0 0.29453125 0.14375 0.011328125 0.03888888888888889
2 0.417578125 0.5638888888888889 0.012890625 0.027083333333333334
2 0.561328125 0.6215277777777778 0.018359375 0.014583333333333334
2 0.894140625 0.19236111111111112 0.010546875 0.025
2 0.319921875 0.08680555555555555 0.010546875 0.024305555555555556
2 0.570703125 0.9152777777777777 0.016015625 0.014583333333333334
2 0.568359375 0.8479166666666667 0.012890625 0.01875
2 0.62109375 0.8861111111111111 0.0125 0.01597222222222222
2 0.0328125 0.28402777777777777 0.008984375 0.02013888888888889
2 0.821875 0.48541666666666666 0.0078125 0.021527777777777778
2 0.629296875 0.8597222222222223 0.015234375 0.011111111111111112
2 0.848046875 0.5777777777777777 0.00625 0.01875
2 0.547265625 0.8513888888888889 0.005859375 0.01597222222222222
2 0.56328125 0.1388888888888889 0.005078125 0.01597222222222222
2 0.584375 0.13819444444444445 0.012109375 0.00625
2 0.618359375 0.9215277777777777 0.0078125 0.010416666666666666
2 0.334765625 0.22291666666666668 0.005078125 0.013194444444444444
2 0.56015625 0.16458333333333333 0.00625 0.009027777777777777
2 0.561328125 0.19027777777777777 0.003515625 0.011805555555555555