1 0.619140625 0.8111111111111111 0.022265625 0.06041666666666667
1 0.370703125 0.4798611111111111 0.023046875 0.05625
1 0.778515625 0.5402777777777777 0.023828125 0.04652777777777778
1 0.784765625 0.89375 0.02890625 0.03125
1 0.503515625 0.6861111111111111 0.019140625 0.04236111111111111
1 0.33828125 0.7569444444444444 0.015625 0.050694444444444445
1 0.708984375 0.7215277777777778 0.025390625 0.02847222222222222
3 0.51796875 0.8361111111111111 0.02578125 0.027777777777777776
3 0.53828125 0.5597222222222222 0.019921875 0.035416666666666666
1 0.62265625 0.6881944444444444 0.019921875 0.034722222222222224
3 0.926171875 0.5159722222222223 0.021875 0.02847222222222222
3 0.18203125 0.7819444444444444 0.019921875 0.030555555555555555
1 0.66328125 0.5993055555555555 0.020703125 0.02847222222222222
3 0.579296875 0.5180555555555556 0.013671875 0.03958333333333333
3 0.71640625 0.3138888888888889 0.0171875 0.03125
1 0.82421875 0.4708333333333333 0.024609375 0.021527777777777778
3 0.544140625 0.5284722222222222 0.013671875 0.03263888888888889
1 0.58046875 0.8395833333333333 0.012109375 0.034722222222222224
1 0.5265625 0.7451388888888889 0.008203125 0.050694444444444445
3 0.471875 0.6055555555555555 0.009375 0.030555555555555555
3 0.80234375 0.4618055555555556 0.00234375 0.0020833333333333333
1 0.99140625 0.7618055555555555 0.0171875 0.03194444444444444