0 0.298828125 0.7381944444444445 0.02568359375 0.06111111111111111
0 0.40703125 0.7076388888888889 0.02333984375 0.057118055555555554
0 0.246484375 0.41875 0.02431640625 0.051215277777777776
0 0.540625 0.24791666666666667 0.02177734375 0.03454861111111111
0 0.425390625 0.9854166666666667 0.0265625 0.021006944444444446
0 0.546875 0.31180555555555556 0.01884765625 0.027777777777777776
0 0.540234375 0.40555555555555556 0.01337890625 0.0390625
3 0.162890625 0.12291666666666666 0.01318359375 0.04045138888888889
0 0.214453125 0.83125 0.0125 0.02065972222222222
3 0.165234375 0.6576388888888889 0.00869140625 0.029340277777777778
3 0.706640625 0.5993055555555555 0.0125 0.018229166666666668
3 0.1734375 0.69375 0.01083984375 0.01545138888888889
3 0.026171875 0.29375 0.00693359375 0.022222222222222223
3 0.694140625 0.8159722222222222 0.0125 0.009548611111111112
3 0.64921875 0.3229166666666667 0.00625 0.01545138888888889
3 0.74609375 0.3590277777777778 0.00625 0.015104166666666667
3 0.121875 0.2298611111111111 0.00615234375 0.011111111111111112
3 0.11953125 0.2951388888888889 0.00625 0.009548611111111112
3 0.048046875 0.3548611111111111 0.0046875 0.012326388888888888
3 0.023828125 0.3416666666666667 0.00400390625 0.011284722222222222
3 0.572265625 0.3590277777777778 0.00537109375 0.009548611111111112
3 0.042578125 0.2965277777777778 0.00625 0.0067708333333333336
3 0.133203125 0.36319444444444443 0.00400390625 0.008333333333333333
3 0.91953125 0.6229166666666667 0.00625 0.009548611111111112