0 0.415234375 0.59375 0.02744140625 0.06510416666666667
0 0.990625 0.8097222222222222 0.01875 0.07222222222222222
0 0.131640625 0.5166666666666667 0.01650390625 0.041666666666666664
0 0.492578125 0.7340277777777777 0.02431640625 0.02378472222222222
2 0.881640625 0.5972222222222222 0.01318359375 0.036284722222222225
2 0.958203125 0.5819444444444445 0.015625 0.027777777777777776
2 0.780078125 0.7861111111111111 0.01162109375 0.030555555555555555
2 0.012109375 0.3423611111111111 0.0078125 0.02621527777777778
2 0.320703125 0.8270833333333333 0.00869140625 0.018229166666666668
2 0.176171875 0.24861111111111112 0.00869140625 0.019270833333333334
2 0.4625 0.09236111111111112 0.00791015625 0.01545138888888889
2 0.35390625 0.7611111111111111 0.00771484375 0.0140625
2 0.203515625 0.18125 0.00712890625 0.012673611111111111
2 0.207421875 0.16458333333333333 0.00556640625 0.013888888888888888
2 0.85390625 0.44513888888888886 0.0078125 0.009895833333333333