2 0.607421875 0.3055555555555556 0.027734375 0.04652777777777778
0 0.614453125 0.9388888888888889 0.0234375 0.05347222222222222
2 0.353125 0.9465277777777777 0.021484375 0.04722222222222222
0 0.119140625 0.15416666666666667 0.016015625 0.05486111111111111
2 0.862109375 0.5909722222222222 0.0234375 0.034027777777777775
0 0.388671875 0.28541666666666665 0.016796875 0.022916666666666665
2 0.326953125 0.5104166666666666 0.015234375 0.019444444444444445
2 0.258203125 0.6722222222222223 0.008984375 0.027777777777777776
2 0.640234375 0.8131944444444444 0.008984375 0.027777777777777776
2 0.350390625 0.9034722222222222 0.009765625 0.022222222222222223
2 0.218359375 0.5770833333333333 0.011328125 0.017361111111111112
2 0.641015625 0.7881944444444444 0.009375 0.02013888888888889
2 0.628125 0.31180555555555556 0.011328125 0.01597222222222222
2 0.28203125 0.6243055555555556 0.008203125 0.021527777777777778
2 0.658203125 0.8979166666666667 0.00625 0.024305555555555556