2 0.674609375 0.89375 0.026171875 0.06319444444444444
0 0.912109375 0.6319444444444444 0.026171875 0.04722222222222222
2 0.723046875 0.7513888888888889 0.0234375 0.05
2 0.424609375 0.37777777777777777 0.030859375 0.035416666666666666
2 0.544921875 0.4701388888888889 0.019140625 0.05
2 0.969140625 0.9506944444444444 0.019921875 0.04097222222222222
2 0.729296875 0.5618055555555556 0.015234375 0.05277777777777778
2 0.891015625 0.7784722222222222 0.016015625 0.04375
2 0.06953125 0.3194444444444444 0.015234375 0.04513888888888889
2 0.025390625 0.5159722222222223 0.015625 0.04375
2 0.794140625 0.46597222222222223 0.015625 0.027777777777777776
2 0.776953125 0.6034722222222222 0.013671875 0.030555555555555555
2 0.420703125 0.2701388888888889 0.014453125 0.027777777777777776
2 0.316015625 0.40208333333333335 0.016796875 0.024305555555555556
2 0.990625 0.38958333333333334 0.007421875 0.05277777777777778
2 0.743359375 0.35208333333333336 0.0109375 0.03125
2 0.641015625 0.6604166666666667 0.016015625 0.019444444444444445
2 0.979296875 0.7118055555555556 0.008984375 0.03680555555555556
2 0.613671875 0.6465277777777778 0.012890625 0.022222222222222223
2 0.01875 0.5458333333333333 0.0109375 0.022916666666666665
2 0.224609375 0.44027777777777777 0.009765625 0.01875
2 0.9328125 0.9506944444444444 0.011328125 0.014583333333333334
2 0.945703125 0.9645833333333333 0.0078125 0.021527777777777778
2 0.594921875 0.7027777777777777 0.007421875 0.013194444444444444