1 0.8984375 0.6548611111111111 0.1265625 0.08055555555555556
1 0.02109375 0.5340277777777778 0.0421875 0.058333333333333334
1 0.708984375 0.53125 0.0390625 0.03333333333333333
1 0.771875 0.4909722222222222 0.0341796875 0.02638888888888889
1 0.869921875 0.4625 0.02734375 0.022222222222222223
1 0.48125 0.5111111111111111 0.0251953125 0.022222222222222223
1 0.245703125 0.46875 0.02890625 0.018055555555555554
1 0.285546875 0.5118055555555555 0.0140625 0.02638888888888889
3 0.651953125 0.4861111111111111 0.01328125 0.017013888888888887
1 0.3796875 0.4638888888888889 0.0125 0.017013888888888887
1 0.511328125 0.43680555555555556 0.01796875 0.011111111111111112
1 0.195703125 0.46319444444444446 0.009375 0.013888888888888888
1 0.352734375 0.4395833333333333 0.009375 0.0125
1 0.57734375 0.4395833333333333 0.0111328125 0.009722222222222222
1 0.318359375 0.43333333333333335 0.00859375 0.011111111111111112
1 0.464453125 0.44166666666666665 0.00859375 0.010763888888888889
1 0.352734375 0.4222222222222222 0.01015625 0.008333333333333333