0 0.773046875 0.29930555555555555 0.04130859375 0.09045138888888889
0 0.580078125 0.39652777777777776 0.03662109375 0.08888888888888889
2 0.383203125 0.7180555555555556 0.0265625 0.06371527777777777
2 0.551171875 0.37569444444444444 0.02255859375 0.06388888888888888
2 0.594921875 0.3194444444444444 0.0171875 0.05260416666666667
2 0.569921875 0.2902777777777778 0.02099609375 0.036284722222222225
2 0.599609375 0.4270833333333333 0.01943359375 0.029340277777777778
2 0.5125 0.26458333333333334 0.01240234375 0.029340277777777778
2 0.615234375 0.22013888888888888 0.0109375 0.028993055555555557
2 0.630859375 0.13402777777777777 0.01181640625 0.0234375
2 0.42421875 0.18819444444444444 0.00771484375 0.0265625
2 0.351953125 0.15763888888888888 0.009375 0.016666666666666666