1 0.405078125 0.3638888888888889 0.0484375 0.05572916666666667
1 0.502734375 0.8673611111111111 0.01943359375 0.04045138888888889
1 0.2703125 0.6909722222222222 0.02197265625 0.029340277777777778
1 0.6875 0.1597222222222222 0.015625 0.041666666666666664
1 0.555078125 0.9465277777777777 0.01650390625 0.03211805555555555
1 0.475390625 0.8319444444444445 0.02431640625 0.022048611111111113
1 0.226953125 0.7381944444444445 0.01650390625 0.022222222222222223
1 0.81640625 0.8798611111111111 0.01865234375 0.02065972222222222
1 0.687109375 0.2791666666666667 0.01181640625 0.02795138888888889
1 0.640234375 0.12638888888888888 0.01318359375 0.019618055555555555
1 0.910546875 0.6027777777777777 0.01337890625 0.025