0 0.62890625 0.4215277777777778 0.033984375 0.07569444444444444
2 0.73125 0.9743055555555555 0.021875 0.041666666666666664
2 0.2671875 0.11319444444444444 0.014453125 0.027083333333333334
2 0.75546875 0.9631944444444445 0.0171875 0.02013888888888889
2 0.890234375 0.32430555555555557 0.0125 0.027777777777777776
2 0.397265625 0.8277777777777777 0.010546875 0.029861111111111113
2 0.303125 0.8770833333333333 0.015234375 0.02013888888888889
2 0.428515625 0.9166666666666666 0.012109375 0.025694444444444443
2 0.35703125 0.8145833333333333 0.0125 0.024305555555555556
2 0.963671875 0.49027777777777776 0.009375 0.029861111111111113
2 0.37109375 0.2972222222222222 0.007421875 0.016666666666666666
2 0.302734375 0.5486111111111112 0.006640625 0.010416666666666666
2 0.24765625 0.22430555555555556 0.0046875 0.010416666666666666
2 0.290625 0.60625 0.004296875 0.011111111111111112
2 0.220703125 0.24861111111111112 0.0046875 0.008333333333333333
2 0.305859375 0.13333333333333333 0.0046875 0.00625