0 0.098828125 0.9611111111111111 0.0265625 0.05277777777777778
2 0.506640625 0.8256944444444444 0.0328125 0.03177083333333333
0 0.121875 0.48194444444444445 0.01572265625 0.04982638888888889
2 0.690234375 0.98125 0.02255859375 0.029340277777777778
0 0.007421875 0.5027777777777778 0.01484375 0.044444444444444446
2 0.040625 0.24791666666666667 0.00947265625 0.057118055555555554
2 0.178515625 0.7236111111111111 0.01494140625 0.03871527777777778
2 0.12265625 0.5673611111111111 0.01259765625 0.03888888888888889
2 0.398046875 0.6423611111111112 0.01181640625 0.027777777777777776
2 0.167578125 0.6826388888888889 0.0125 0.02621527777777778
1 0.112890625 0.8729166666666667 0.01318359375 0.022222222222222223
2 0.491015625 0.41458333333333336 0.01025390625 0.02065972222222222
2 0.055859375 0.4618055555555556 0.00693359375 0.018229166666666668