0 0.41640625 0.28958333333333336 0.0265625 0.052083333333333336
0 0.558984375 0.8673611111111111 0.024609375 0.04652777777777778
0 0.5 0.7631944444444444 0.0171875 0.059027777777777776
0 0.518359375 0.6881944444444444 0.016796875 0.05347222222222222
0 0.38984375 0.4222222222222222 0.0203125 0.041666666666666664
0 0.430078125 0.9319444444444445 0.015234375 0.05347222222222222
0 0.700390625 0.36180555555555555 0.022265625 0.034027777777777775
0 0.701953125 0.9340277777777778 0.021875 0.03333333333333333
0 0.371484375 0.36319444444444443 0.016015625 0.03680555555555556
0 0.525390625 0.9305555555555556 0.015625 0.034027777777777775
0 0.369140625 0.1673611111111111 0.016015625 0.03263888888888889
0 0.39453125 0.5840277777777778 0.019140625 0.027083333333333334
0 0.396484375 0.21319444444444444 0.014453125 0.034027777777777775
0 0.63203125 0.8736111111111111 0.0203125 0.025
0 0.444921875 0.6090277777777777 0.015625 0.02847222222222222
0 0.548046875 0.7541666666666667 0.015234375 0.027083333333333334
0 0.444140625 0.1951388888888889 0.015234375 0.025
0 0.467578125 0.7479166666666667 0.015234375 0.022222222222222223
0 0.463671875 0.6131944444444445 0.0125 0.025
0 0.673046875 0.34791666666666665 0.009765625 0.029861111111111113
0 0.434765625 0.6118055555555556 0.010546875 0.022916666666666665
0 0.425390625 0.6055555555555555 0.009375 0.025
0 0.276953125 0.2326388888888889 0.008984375 0.024305555555555556