3 0.631640625 0.5479166666666667 0.068359375 0.11388888888888889
3 0.09375 0.4798611111111111 0.037109375 0.07708333333333334
2 0.388671875 0.5270833333333333 0.023046875 0.06388888888888888
2 0.2890625 0.7791666666666667 0.025 0.05625
3 0.278515625 0.7194444444444444 0.031640625 0.04375
2 0.39921875 0.59375 0.03125 0.03333333333333333
2 0.55859375 0.22361111111111112 0.024609375 0.027083333333333334
2 0.575390625 0.09097222222222222 0.017578125 0.029861111111111113
2 0.394140625 0.34791666666666665 0.0140625 0.03125
3 0.390625 0.13680555555555557 0.015625 0.027083333333333334
2 0.297265625 0.5715277777777777 0.011328125 0.027083333333333334
2 0.237890625 0.6465277777777778 0.0109375 0.019444444444444445
3 0.401953125 0.12430555555555556 0.010546875 0.017361111111111112
3 0.37265625 0.10972222222222222 0.010546875 0.016666666666666666
3 0.387890625 0.10138888888888889 0.009375 0.01875
2 0.597265625 0.09305555555555556 0.013671875 0.011111111111111112
2 0.58984375 0.1111111111111111 0.0078125 0.013888888888888888