2 0.6578125 0.8701388888888889 0.0390625 0.07847222222222222
2 0.790625 0.7166666666666667 0.03125 0.06319444444444444
2 0.258984375 0.37569444444444444 0.032421875 0.058333333333333334
2 0.054296875 0.2548611111111111 0.023046875 0.07013888888888889
2 0.76484375 0.5111111111111111 0.016796875 0.06319444444444444
2 0.843359375 0.6048611111111111 0.023046875 0.04513888888888889
2 0.787109375 0.18263888888888888 0.028125 0.035416666666666666
2 0.029296875 0.5201388888888889 0.019921875 0.04652777777777778
2 0.2375 0.08333333333333333 0.023046875 0.03819444444444445
2 0.467578125 0.9465277777777777 0.03125 0.027777777777777776
2 0.683203125 0.8659722222222223 0.029296875 0.027083333333333334
2 0.168359375 0.725 0.018359375 0.03958333333333333
2 0.830078125 0.7020833333333333 0.023046875 0.030555555555555555
2 0.865234375 0.9173611111111111 0.01875 0.03333333333333333
2 0.13046875 0.8993055555555556 0.019140625 0.03263888888888889
2 0.918359375 0.2743055555555556 0.0140625 0.03611111111111111
2 0.62421875 0.46041666666666664 0.018359375 0.02847222222222222
2 0.862109375 0.34791666666666665 0.015234375 0.030555555555555555
2 0.086328125 0.8347222222222223 0.012890625 0.02847222222222222
2 0.052734375 0.5951388888888889 0.0125 0.027777777777777776
2 0.145703125 0.10833333333333334 0.015234375 0.014583333333333334
2 0.4625 0.21736111111111112 0.0125 0.016666666666666666
2 0.02578125 0.3506944444444444 0.009375 0.017361111111111112
2 0.653515625 0.23680555555555555 0.015234375 0.029861111111111113