0 0.272265625 0.09444444444444444 0.03125 0.04652777777777778
0 0.84140625 0.8 0.0203125 0.04722222222222222
3 0.5171875 0.21666666666666667 0.025390625 0.030555555555555555
0 0.742578125 0.9458333333333333 0.023828125 0.03263888888888889
2 0.4609375 0.12916666666666668 0.019140625 0.03611111111111111
2 0.377734375 0.9013888888888889 0.026171875 0.024305555555555556
0 0.50390625 0.20416666666666666 0.01875 0.029861111111111113
2 0.309765625 0.17847222222222223 0.0171875 0.03125
2 0.843359375 0.59375 0.016796875 0.02847222222222222
2 0.829296875 0.5986111111111111 0.010546875 0.04236111111111111
2 0.32265625 0.33125 0.0125 0.030555555555555555
2 0.563671875 0.7444444444444445 0.010546875 0.02847222222222222
2 0.033203125 0.5638888888888889 0.009375 0.024305555555555556
2 0.144921875 0.3784722222222222 0.009375 0.016666666666666666
2 0.408984375 0.1284722222222222 0.008984375 0.013194444444444444