0 0.473046875 0.35347222222222224 0.03369140625 0.07899305555555555
0 0.700390625 0.5083333333333333 0.03505859375 0.06388888888888888
0 0.431640625 0.22916666666666666 0.025 0.0640625
0 0.975390625 0.6645833333333333 0.01494140625 0.08177083333333333
0 0.723828125 0.4013888888888889 0.01787109375 0.04739583333333333
0 0.837109375 0.575 0.0140625 0.041666666666666664
0 0.72421875 0.2659722222222222 0.015625 0.03454861111111111
2 0.725390625 0.5840277777777778 0.01494140625 0.034895833333333334
0 0.750390625 0.23541666666666666 0.01318359375 0.03732638888888889
2 0.8234375 0.6368055555555555 0.01416015625 0.03211805555555555
0 0.494921875 0.46041666666666664 0.01162109375 0.03732638888888889
0 0.947265625 0.5694444444444444 0.01025390625 0.03871527777777778
2 0.991015625 0.4847222222222222 0.00849609375 0.03350694444444444
0 0.99609375 0.7291666666666666 0.0078125 0.03611111111111111
2 0.701171875 0.43680555555555556 0.01025390625 0.025
2 0.9828125 0.6083333333333333 0.00947265625 0.022222222222222223
0 0.867578125 0.7201388888888889 0.01025390625 0.017881944444444443
2 0.69375 0.9833333333333333 0.009375 0.019270833333333334
2 0.695703125 0.26875 0.00869140625 0.016666666666666666
0 0.926953125 0.35625 0.00693359375 0.016666666666666666
0 0.92734375 0.2965277777777778 0.0046875 0.013888888888888888
2 0.975390625 0.5340277777777778 0.00380859375 0.012673611111111111