3 0.573046875 0.48333333333333334 0.034765625 0.049305555555555554
3 0.7203125 0.4861111111111111 0.027734375 0.05347222222222222
2 0.488671875 0.9104166666666667 0.01875 0.030555555555555555
3 0.819140625 0.6833333333333333 0.018359375 0.025
2 0.314453125 0.8319444444444445 0.013671875 0.027083333333333334
3 0.100390625 0.4270833333333333 0.0125 0.029861111111111113
2 0.158984375 0.22569444444444445 0.008984375 0.03680555555555556
2 0.3484375 0.83125 0.011328125 0.027083333333333334
2 0.563671875 0.7965277777777777 0.0109375 0.022916666666666665
3 0.76015625 0.6631944444444444 0.010546875 0.022222222222222223
2 0.87578125 0.8625 0.010546875 0.021527777777777778
2 0.59765625 0.7701388888888889 0.009765625 0.019444444444444445
2 0.598046875 0.21180555555555555 0.009375 0.013888888888888888
2 0.722265625 0.1423611111111111 0.010546875 0.011111111111111112