2 0.8828125 0.5784722222222223 0.034375 0.05277777777777778
2 0.46328125 0.9111111111111111 0.02333984375 0.04704861111111111
2 0.075 0.8368055555555556 0.01875 0.05555555555555555
2 0.877734375 0.8034722222222223 0.02119140625 0.03454861111111111
2 0.9 0.8048611111111111 0.01259765625 0.04722222222222222
2 0.601953125 0.17708333333333334 0.01943359375 0.029340277777777778
2 0.827734375 0.7798611111111111 0.01337890625 0.03888888888888889
2 0.318359375 0.36875 0.01630859375 0.03211805555555555
2 0.5671875 0.2902777777777778 0.0125 0.03871527777777778
2 0.838671875 0.34930555555555554 0.0125 0.03611111111111111
2 0.486328125 0.2923611111111111 0.01181640625 0.03611111111111111
2 0.87109375 0.4791666666666667 0.01240234375 0.03350694444444444
2 0.716796875 0.8868055555555555 0.01650390625 0.025
0 0.183203125 0.9930555555555556 0.01630859375 0.013888888888888888
2 0.55546875 0.975 0.0109375 0.019270833333333334
2 0.92421875 0.8555555555555555 0.00791015625 0.024826388888888887
2 0.051953125 0.7868055555555555 0.00849609375 0.021006944444444446
2 0.917578125 0.70625 0.0078125 0.0234375
2 0.028125 0.37569444444444444 0.00771484375 0.025
2 0.081640625 0.7673611111111112 0.009375 0.016666666666666666
2 0.45703125 0.7770833333333333 0.00927734375 0.017881944444444443
2 0.643359375 0.6006944444444444 0.00537109375 0.02621527777777778
2 0.778125 0.46805555555555556 0.00634765625 0.016493055555555556
2 0.34765625 0.8423611111111111 0.00927734375 0.011111111111111112
2 0.449609375 0.38333333333333336 0.00849609375 0.011111111111111112