3 0.0484375 0.6104166666666667 0.02021484375 0.0765625
0 0.345703125 0.8694444444444445 0.02431640625 0.05572916666666667
0 0.398046875 0.6645833333333333 0.02880859375 0.044444444444444446
0 0.44375 0.32569444444444445 0.03271484375 0.030555555555555555
2 0.340234375 0.09236111111111112 0.0171875 0.03611111111111111
0 0.1484375 0.36527777777777776 0.01396484375 0.041666666666666664
0 0.70078125 0.7909722222222222 0.015625 0.03177083333333333
0 0.72265625 0.5743055555555555 0.01552734375 0.030555555555555555
0 0.787109375 0.6618055555555555 0.01806640625 0.022222222222222223
0 0.691015625 0.7298611111111111 0.01806640625 0.021006944444444446
3 0.194921875 0.29583333333333334 0.01025390625 0.030381944444444444
2 0.105859375 0.6868055555555556 0.01162109375 0.02621527777777778
0 0.779296875 0.6888888888888889 0.00849609375 0.03350694444444444
0 0.824609375 0.6930555555555555 0.0140625 0.019270833333333334
2 0.966015625 0.4666666666666667 0.00400390625 0.04739583333333333
3 0.3421875 0.64375 0.00947265625 0.018229166666666668
3 0.752734375 0.6618055555555555 0.00693359375 0.02621527777777778
0 0.37734375 0.6048611111111111 0.00927734375 0.018229166666666668
2 0.665625 0.40625 0.00947265625 0.01545138888888889
3 0.38125 0.35347222222222224 0.009375 0.01545138888888889
2 0.235546875 0.24930555555555556 0.00849609375 0.017881944444444443
3 0.339453125 0.5631944444444444 0.00712890625 0.019444444444444445
0 0.769140625 0.7451388888888889 0.00556640625 0.022222222222222223
2 0.094921875 0.7020833333333333 0.0140625 0.009548611111111112
0 0.422265625 0.5159722222222223 0.009375 0.013888888888888888
0 0.052734375 0.7270833333333333 0.0078125 0.01545138888888889
0 0.277734375 0.5006944444444444 0.00712890625 0.015104166666666667
3 0.243359375 0.6590277777777778 0.00712890625 0.015104166666666667
2 0.958984375 0.49444444444444446 0.0046875 0.022048611111111113
3 0.680859375 0.6895833333333333 0.00625 0.013888888888888888
2 0.112109375 0.6798611111111111 0.00625 0.015104166666666667
3 0.100390625 0.5888888888888889 0.00537109375 0.0140625
3 0.367578125 0.3875 0.00625 0.011111111111111112
3 0.255859375 0.7138888888888889 0.00400390625 0.013888888888888888
3 0.101953125 0.7243055555555555 0.00556640625 0.007118055555555555
3 0.051953125 0.7520833333333333 0.0046875 0.007118055555555555
3 0.112109375 0.7111111111111111 0.00537109375 0.005729166666666666
3 0.1171875 0.6986111111111111 0.00302734375 0.011284722222222222
3 0.359765625 0.36180555555555555 0.00400390625 0.007118055555555555
3 0.27890625 0.041666666666666664 0.01103515625 0.025173611111111112