3 0.200390625 0.9340277777777778 0.02900390625 0.05555555555555555
3 0.1078125 0.8993055555555556 0.015625 0.05
0 0.223828125 0.9618055555555556 0.02099609375 0.030555555555555555
0 0.083203125 0.34375 0.01494140625 0.03888888888888889
2 0.008203125 0.25277777777777777 0.0125 0.041840277777777775
0 0.105859375 0.5472222222222223 0.015625 0.027777777777777776
0 0.123046875 0.9340277777777778 0.01474609375 0.029340277777777778
0 0.115234375 0.5208333333333334 0.021875 0.036284722222222225
3 0.131640625 0.6076388888888888 0.0078125 0.04600694444444445
0 0.121484375 0.35555555555555557 0.01181640625 0.027777777777777776
0 0.0109375 0.9659722222222222 0.0109375 0.02621527777777778
2 0.133984375 0.2965277777777778 0.01162109375 0.025
0 0.159765625 0.31527777777777777 0.01181640625 0.016840277777777777
0 0.024609375 0.32222222222222224 0.00869140625 0.022222222222222223
3 0.010546875 0.8833333333333333 0.0140625 0.03333333333333333
3 0.048828125 0.20347222222222222 0.00625 0.028993055555555557
3 0.10078125 0.5847222222222223 0.00771484375 0.022395833333333334
1 0.136328125 0.5763888888888888 0.009375 0.016840277777777777
3 0.792578125 0.20347222222222222 0.0109375 0.015104166666666667
3 0.005859375 0.7298611111111111 0.00625 0.022222222222222223
3 0.0515625 0.4166666666666667 0.00478515625 0.027604166666666666
2 0.109375 0.49930555555555556 0.00771484375 0.017881944444444443
2 0.012109375 0.66875 0.00625 0.019444444444444445
3 0.103515625 0.6368055555555555 0.00537109375 0.0234375
3 0.039453125 0.23333333333333334 0.0046875 0.022395833333333334
2 0.1859375 0.8138888888888889 0.00927734375 0.011284722222222222
3 0.0734375 0.6458333333333334 0.00478515625 0.019444444444444445
0 0.045703125 0.375 0.00537109375 0.013715277777777778
0 0.07109375 0.36041666666666666 0.0046875 0.013888888888888888
3 0.026171875 0.22013888888888888 0.003125 0.018229166666666668
3 0.029296875 0.25625 0.00400390625 0.011111111111111112
3 0.0171875 0.7951388888888888 0.00478515625 0.008333333333333333
3 0.023046875 0.8013888888888889 0.00537109375 0.016666666666666666
3 0.061328125 0.7701388888888889 0.003125 0.009895833333333333
3 0.04609375 0.31875 0.00791015625 0.03211805555555555