3 0.740234375 0.8763888888888889 0.056640625 0.10069444444444445
3 0.733984375 0.23125 0.0390625 0.05347222222222222
0 0.30625 0.4013888888888889 0.030078125 0.050694444444444445
2 0.55 0.9270833333333334 0.023046875 0.050694444444444445
2 0.753515625 0.6736111111111112 0.0234375 0.049305555555555554
3 0.754296875 0.7236111111111111 0.016796875 0.06388888888888888
2 0.669921875 0.8527777777777777 0.0234375 0.04236111111111111
2 0.823828125 0.6777777777777778 0.022265625 0.03819444444444445
0 0.301171875 0.3326388888888889 0.0171875 0.04513888888888889
3 0.71875 0.41805555555555557 0.01875 0.04097222222222222
3 0.955078125 0.5256944444444445 0.0171875 0.041666666666666664
2 0.746875 0.7041666666666667 0.016015625 0.03819444444444445
2 0.490234375 0.9708333333333333 0.016796875 0.035416666666666666
2 0.940234375 0.5111111111111111 0.0109375 0.05
2 0.773046875 0.7541666666666667 0.013671875 0.025
2 0.49453125 0.6409722222222223 0.0125 0.027083333333333334
2 0.796875 0.9888888888888889 0.015625 0.022222222222222223