1 0.651171875 0.5701388888888889 0.065625 0.03333333333333333
1 0.741796875 0.55625 0.065625 0.030555555555555555
1 0.211328125 0.5041666666666667 0.03671875 0.02638888888888889
1 0.549609375 0.5520833333333334 0.04375 0.022222222222222223
1 0.300390625 0.4798611111111111 0.02421875 0.022222222222222223
1 0.74140625 0.49236111111111114 0.03046875 0.016666666666666666
1 0.809375 0.47847222222222224 0.02578125 0.011111111111111112
1 0.523046875 0.45625 0.01640625 0.015277777777777777
1 0.256640625 0.4361111111111111 0.0140625 0.013888888888888888
1 0.74296875 0.46041666666666664 0.01484375 0.0125
1 0.537109375 0.47638888888888886 0.015625 0.011111111111111112
1 0.691015625 0.4395833333333333 0.01484375 0.011111111111111112
1 0.775 0.4638888888888889 0.0125 0.0125