2 0.27109375 0.6770833333333334 0.05634765625 0.09565972222222222
0 0.3015625 0.5854166666666667 0.03427734375 0.04878472222222222
0 0.583203125 0.15 0.03056640625 0.05277777777777778
2 0.919140625 0.64375 0.02568359375 0.06267361111111111
2 0.7953125 0.42291666666666666 0.02822265625 0.04878472222222222
2 0.51640625 0.25763888888888886 0.028125 0.029340277777777778
2 0.4890625 0.27569444444444446 0.025 0.029340277777777778
2 0.549609375 0.6381944444444444 0.02119140625 0.03211805555555555
2 0.516796875 0.40208333333333335 0.0171875 0.03888888888888889
2 0.565625 0.16805555555555557 0.0140625 0.04704861111111111
2 0.275390625 0.19652777777777777 0.0203125 0.030555555555555555
2 0.727734375 0.5993055555555555 0.01630859375 0.027777777777777776
2 0.710546875 0.19166666666666668 0.01494140625 0.027604166666666666
2 0.343359375 0.2076388888888889 0.01630859375 0.025
2 0.629296875 0.5631944444444444 0.01337890625 0.021006944444444446
2 0.328515625 0.21041666666666667 0.01474609375 0.019444444444444445
2 0.308203125 0.525 0.0125 0.019618055555555555