2 0.53671875 0.9604166666666667 0.030859375 0.03958333333333333
2 0.155859375 0.30069444444444443 0.01875 0.05
2 0.273828125 0.7270833333333333 0.019140625 0.04375
2 0.478515625 0.41944444444444445 0.016796875 0.03819444444444445
2 0.9546875 0.5243055555555556 0.014453125 0.03333333333333333
2 0.491015625 0.71875 0.024609375 0.01597222222222222
2 0.206640625 0.6659722222222222 0.0109375 0.029861111111111113
2 0.47890625 0.20208333333333334 0.013671875 0.021527777777777778
2 0.270703125 0.7604166666666666 0.012109375 0.019444444444444445
2 0.4671875 0.6715277777777777 0.0078125 0.025694444444444443
2 0.93125 0.33819444444444446 0.007421875 0.024305555555555556
2 0.21015625 0.4826388888888889 0.008984375 0.02013888888888889
2 0.229296875 0.3625 0.008984375 0.017361111111111112
2 0.276953125 0.6618055555555555 0.010546875 0.013888888888888888
2 0.416015625 0.36319444444444443 0.0078125 0.008333333333333333
2 0.28125 0.6166666666666667 0.007421875 0.029861111111111113