1 0.651953125 0.49166666666666664 0.05703125 0.03611111111111111
1 0.104296875 0.5652777777777778 0.0640625 0.03090277777777778
1 0.655078125 0.6173611111111111 0.0296875 0.05138888888888889
1 0.37890625 0.49236111111111114 0.028125 0.016666666666666666
1 0.375 0.44583333333333336 0.01875 0.013888888888888888
1 0.073828125 0.44583333333333336 0.0171875 0.013541666666666667
1 0.885546875 0.4652777777777778 0.015625 0.013888888888888888
1 0.0875 0.4597222222222222 0.0095703125 0.016666666666666666
1 0.2 0.4527777777777778 0.0095703125 0.011458333333333333
1 0.422265625 0.4597222222222222 0.01015625 0.011111111111111112
1 0.2171875 0.5930555555555556 0.0595703125 0.03888888888888889