1 0.765625 0.9041666666666667 0.02666015625 0.0640625
1 0.743359375 0.6666666666666666 0.02421875 0.04982638888888889
1 0.6953125 0.6243055555555556 0.0345703125 0.03454861111111111
1 0.28203125 0.7090277777777778 0.0203125 0.0484375
1 0.742578125 0.6270833333333333 0.0171875 0.0515625
1 0.3671875 0.8743055555555556 0.02177734375 0.04045138888888889
1 0.116015625 0.7229166666666667 0.02890625 0.028993055555555557
1 0.64453125 0.6513888888888889 0.0169921875 0.04722222222222222
1 0.56953125 0.775 0.01708984375 0.04479166666666667
1 0.58828125 0.8465277777777778 0.02041015625 0.034895833333333334
1 0.61875 0.8020833333333334 0.01552734375 0.04722222222222222
1 0.362109375 0.6854166666666667 0.01474609375 0.04600694444444445
1 0.21171875 0.8034722222222223 0.0171875 0.03767361111111111
1 0.605078125 0.8493055555555555 0.02734375 0.0234375
1 0.43671875 0.6743055555555556 0.02490234375 0.02378472222222222
1 0.596484375 0.8298611111111112 0.0234375 0.02621527777777778
1 0.634375 0.7805555555555556 0.0185546875 0.03298611111111111
1 0.09375 0.73125 0.0126953125 0.043055555555555555
1 0.198046875 0.7236111111111111 0.01484375 0.036458333333333336
1 0.58359375 0.75625 0.01396484375 0.04010416666666667
1 0.7 0.5215277777777778 0.01259765625 0.04010416666666667
1 0.472265625 0.4875 0.01943359375 0.025173611111111112
1 0.236328125 0.5784722222222223 0.01337890625 0.03454861111111111
1 0.54921875 0.8625 0.0125 0.03350694444444444
1 0.515234375 0.5472222222222223 0.01484375 0.027777777777777776
1 0.47578125 0.5381944444444444 0.01416015625 0.027777777777777776
1 0.291796875 0.6138888888888889 0.02412109375 0.016666666666666666
1 0.65625 0.6930555555555555 0.00947265625 0.03090277777777778
1 0.68046875 0.5958333333333333 0.0080078125 0.0359375
1 0.670703125 0.6381944444444444 0.015625 0.018229166666666668
1 0.28125 0.5680555555555555 0.0091796875 0.02795138888888889
1 0.15390625 0.8270833333333333 0.01865234375 0.03767361111111111