3 0.293359375 0.9020833333333333 0.0296875 0.09010416666666667
0 0.419140625 0.6826388888888889 0.0234375 0.09600694444444445
2 0.142578125 0.40694444444444444 0.02744140625 0.058159722222222224
0 0.3140625 0.53125 0.02333984375 0.059895833333333336
0 0.2921875 0.3923611111111111 0.015625 0.051215277777777776
2 0.319140625 0.36875 0.01650390625 0.03888888888888889
2 0.516015625 0.6715277777777777 0.0140625 0.043229166666666666
2 0.661328125 0.38125 0.01875 0.030555555555555555
0 0.36953125 0.4340277777777778 0.01865234375 0.03177083333333333
0 0.316796875 0.4409722222222222 0.01474609375 0.02065972222222222
2 0.171484375 0.34930555555555554 0.01962890625 0.012673611111111111
0 0.337109375 0.60625 0.00869140625 0.027777777777777776
2 0.59609375 0.56875 0.00947265625 0.022222222222222223
2 0.226171875 0.3958333333333333 0.00869140625 0.022048611111111113
2 0.28828125 0.21597222222222223 0.00947265625 0.018229166666666668
2 0.886328125 0.5229166666666667 0.00712890625 0.02065972222222222