3 0.901953125 0.8708333333333333 0.043359375 0.11388888888888889
0 0.671484375 0.7631944444444444 0.032421875 0.05763888888888889
0 0.819921875 0.79375 0.033203125 0.050694444444444445
0 0.786328125 0.6048611111111111 0.020703125 0.05555555555555555
3 0.641796875 0.90625 0.019921875 0.05486111111111111
0 0.61796875 0.1798611111111111 0.01875 0.03680555555555556
2 0.642578125 0.5930555555555556 0.01875 0.030555555555555555
2 0.755078125 0.4909722222222222 0.015234375 0.035416666666666666
2 0.798046875 0.5680555555555555 0.012109375 0.041666666666666664
0 0.7453125 0.4048611111111111 0.025 0.019444444444444445
2 0.630078125 0.3277777777777778 0.012890625 0.024305555555555556
2 0.603515625 0.18888888888888888 0.0125 0.022222222222222223