0 0.610546875 0.33819444444444446 0.0359375 0.059895833333333336
0 0.981640625 0.5222222222222223 0.0359375 0.058333333333333334
2 0.217578125 0.6756944444444445 0.02724609375 0.0734375
0 0.6734375 0.2659722222222222 0.03603515625 0.05
0 0.384765625 0.4618055555555556 0.03056640625 0.04565972222222222
2 0.43203125 0.1361111111111111 0.028125 0.044270833333333336
0 0.559765625 0.5395833333333333 0.025 0.04045138888888889
2 0.439453125 0.5159722222222223 0.01943359375 0.0515625
2 0.121484375 0.8958333333333334 0.02119140625 0.030555555555555555
2 0.144921875 0.8006944444444445 0.01337890625 0.04722222222222222
0 0.86953125 0.38125 0.01083984375 0.05677083333333333
2 0.389453125 0.6361111111111111 0.01875 0.02795138888888889
2 0.169140625 0.6430555555555556 0.0125 0.03888888888888889
2 0.20546875 0.8361111111111111 0.01396484375 0.03333333333333333
2 0.12421875 0.12430555555555556 0.01396484375 0.030555555555555555
0 0.709765625 0.2048611111111111 0.0109375 0.03611111111111111
2 0.076171875 0.43680555555555556 0.0140625 0.027777777777777776
2 0.13828125 0.75625 0.00927734375 0.041666666666666664
2 0.50390625 0.8395833333333333 0.01396484375 0.02621527777777778
2 0.401953125 0.47291666666666665 0.01162109375 0.027777777777777776
0 0.729296875 0.1597222222222222 0.009375 0.030381944444444444
0 0.554296875 0.28958333333333336 0.01181640625 0.02378472222222222
2 0.00703125 0.88125 0.009375 0.0234375
0 0.628515625 0.12986111111111112 0.009375 0.02065972222222222
2 0.334765625 0.1375 0.0109375 0.0390625