0 0.4625 0.6784722222222223 0.0375 0.075
0 0.731640625 0.56875 0.02255859375 0.05434027777777778
0 0.683203125 0.6854166666666667 0.025 0.044444444444444446
0 0.655859375 0.9041666666666667 0.0234375 0.04704861111111111
0 0.38125 0.4888888888888889 0.02021484375 0.05277777777777778
2 0.795703125 0.18541666666666667 0.02412109375 0.04045138888888889
0 0.58828125 0.5423611111111111 0.0109375 0.057118055555555554
2 0.673828125 0.19930555555555557 0.021875 0.02621527777777778
2 0.9453125 0.7805555555555556 0.01396484375 0.030555555555555555
2 0.426953125 0.08541666666666667 0.0125 0.02065972222222222
2 0.438671875 0.08263888888888889 0.009375 0.019444444444444445
2 0.693359375 0.17430555555555555 0.009375 0.018229166666666668
2 0.76640625 0.7388888888888889 0.0125 0.025173611111111112