0 0.32578125 0.8645833333333334 0.0296875 0.12065972222222222
3 0.568359375 0.2548611111111111 0.02724609375 0.06267361111111111
2 0.215625 0.6965277777777777 0.02509765625 0.041666666666666664
2 0.452734375 0.27708333333333335 0.02744140625 0.03611111111111111
2 0.603515625 0.41875 0.02255859375 0.03888888888888889
3 0.48125 0.2534722222222222 0.02802734375 0.027777777777777776
2 0.1546875 0.48680555555555555 0.01416015625 0.05399305555555556
2 0.775390625 0.9840277777777777 0.02412109375 0.02621527777777778
3 0.242578125 0.1375 0.01943359375 0.030729166666666665
3 0.43203125 0.2673611111111111 0.01865234375 0.03177083333333333
0 0.529296875 0.08541666666666667 0.01630859375 0.03177083333333333
2 0.065234375 0.6354166666666666 0.0125 0.03611111111111111
2 0.22109375 0.38055555555555554 0.00927734375 0.041493055555555554
2 0.141015625 0.20625 0.01181640625 0.025
2 0.16171875 0.47152777777777777 0.0078125 0.03611111111111111
2 0.40625 0.28402777777777777 0.01259765625 0.01545138888888889
2 0.219921875 0.30972222222222223 0.0109375 0.016666666666666666
2 0.298046875 0.8791666666666667 0.01025390625 0.016666666666666666
2 0.763671875 0.9180555555555555 0.00869140625 0.019270833333333334
2 0.137109375 0.24722222222222223 0.00625 0.024826388888888887
2 0.2921875 0.38333333333333336 0.00625 0.022048611111111113
2 0.22109375 0.21180555555555555 0.00927734375 0.015104166666666667
2 0.3703125 0.2659722222222222 0.00615234375 0.015104166666666667
2 0.331640625 0.38263888888888886 0.00693359375 0.009895833333333333
2 0.1375 0.29097222222222224 0.0046875 0.008333333333333333