0 0.879296875 0.5541666666666667 0.026171875 0.05486111111111111
2 0.61171875 0.5548611111111111 0.0171875 0.06111111111111111
2 0.4984375 0.8423611111111111 0.029296875 0.030555555555555555
2 0.316796875 0.7013888888888888 0.015234375 0.05
2 0.92109375 0.34652777777777777 0.011328125 0.06041666666666667
2 0.3765625 0.6006944444444444 0.018359375 0.034027777777777775
2 0.7875 0.8180555555555555 0.017578125 0.027777777777777776
2 0.77578125 0.6611111111111111 0.008984375 0.04652777777777778
2 0.287890625 0.5319444444444444 0.013671875 0.02847222222222222
2 0.794921875 0.4201388888888889 0.0078125 0.041666666666666664
2 0.5890625 0.33541666666666664 0.0125 0.027083333333333334
2 0.0625 0.29791666666666666 0.012109375 0.025694444444444443
2 0.106640625 0.4986111111111111 0.010546875 0.025694444444444443
2 0.926171875 0.2923611111111111 0.006640625 0.030555555555555555
2 0.240234375 0.4354166666666667 0.0078125 0.025694444444444443
2 0.8703125 0.3923611111111111 0.0046875 0.03888888888888889
2 0.13046875 0.08680555555555555 0.009375 0.01875
2 0.601171875 0.5430555555555555 0.00625 0.027083333333333334
2 0.014453125 0.37083333333333335 0.006640625 0.019444444444444445
2 0.126171875 0.2604166666666667 0.007421875 0.013888888888888888
2 0.92421875 0.24791666666666667 0.009375 0.010416666666666666
2 0.01796875 0.21458333333333332 0.005078125 0.011805555555555555