1 0.824609375 0.48194444444444445 0.040625 0.03888888888888889
1 0.525390625 0.44513888888888886 0.03203125 0.02638888888888889
1 0.6984375 0.4354166666666667 0.0189453125 0.025
1 0.391796875 0.45 0.01640625 0.022222222222222223
1 0.653515625 0.4173611111111111 0.0171875 0.017881944444444443
1 0.666015625 0.43194444444444446 0.0125 0.019270833333333334
1 0.57265625 0.4083333333333333 0.0107421875 0.019618055555555555
1 0.10859375 0.38680555555555557 0.0140625 0.0125
1 0.5984375 0.41180555555555554 0.0095703125 0.017881944444444443
1 0.8578125 0.3923611111111111 0.0095703125 0.017881944444444443
1 0.435546875 0.38819444444444445 0.01171875 0.0125
1 0.391015625 0.40208333333333335 0.0140625 0.011111111111111112
1 0.03203125 0.38333333333333336 0.0109375 0.011458333333333333
1 0.042578125 0.38819444444444445 0.009375 0.015277777777777777
1 0.42265625 0.38958333333333334 0.009375 0.0125
1 0.4796875 0.38333333333333336 0.0078125 0.008159722222222223
1 0.491015625 0.3875 0.00546875 0.005381944444444444
1 0.519921875 0.4076388888888889 0.00390625 0.004340277777777778
1 0.870703125 0.3923611111111111 0.00625 0.017881944444444443