0 0.42265625 0.9715277777777778 0.02822265625 0.05555555555555555
2 0.196484375 0.5597222222222222 0.01943359375 0.05
2 0.207421875 0.7409722222222223 0.01630859375 0.0515625
2 0.25625 0.39791666666666664 0.0140625 0.0515625
2 0.1171875 0.9256944444444445 0.01103515625 0.043229166666666666
2 0.162109375 0.9125 0.01494140625 0.03315972222222222
2 0.022265625 0.2298611111111111 0.01162109375 0.03333333333333333
2 0.2125 0.5840277777777778 0.01240234375 0.030555555555555555
2 0.02421875 0.39166666666666666 0.00615234375 0.041666666666666664
2 0.023828125 0.9451388888888889 0.00869140625 0.025
2 0.0828125 0.4361111111111111 0.00947265625 0.022048611111111113
2 0.20625 0.6354166666666666 0.00927734375 0.02378472222222222
2 0.044921875 0.9868055555555556 0.00849609375 0.025
2 0.233984375 0.4326388888888889 0.0125 0.015104166666666667
2 0.151953125 0.8402777777777778 0.00869140625 0.016840277777777777
2 0.241015625 0.3076388888888889 0.00693359375 0.021006944444444446
2 0.11953125 0.8895833333333333 0.00634765625 0.019444444444444445
2 0.1296875 0.8930555555555556 0.00634765625 0.016666666666666666
2 0.240625 0.4534722222222222 0.00634765625 0.016666666666666666
2 0.262109375 0.32430555555555557 0.00556640625 0.015104166666666667
2 0.300390625 0.19722222222222222 0.0078125 0.0109375
2 0.209375 0.6569444444444444 0.00625 0.011284722222222222
2 0.016015625 0.9076388888888889 0.0046875 0.011111111111111112
2 0.209765625 0.33958333333333335 0.0046875 0.009548611111111112
2 0.026953125 0.36180555555555555 0.00380859375 0.008333333333333333