3 0.3421875 0.8854166666666666 0.0671875 0.1015625
0 0.342578125 0.8590277777777777 0.03681640625 0.075
3 0.1140625 0.59375 0.02802734375 0.09010416666666667
3 0.55859375 0.7701388888888889 0.01875 0.06944444444444445
3 0.15859375 0.4951388888888889 0.0171875 0.07378472222222222
2 0.525390625 0.6881944444444444 0.0171875 0.043229166666666666
2 0.594921875 0.3576388888888889 0.015625 0.04010416666666667
2 0.604296875 0.32708333333333334 0.02119140625 0.021006944444444446
2 0.301953125 0.33819444444444446 0.01494140625 0.028993055555555557
3 0.15859375 0.8243055555555555 0.01240234375 0.027777777777777776
2 0.50078125 0.7145833333333333 0.01416015625 0.022222222222222223
2 0.256640625 0.6041666666666666 0.01474609375 0.019444444444444445
2 0.2453125 0.7291666666666666 0.01240234375 0.022395833333333334
2 0.322265625 0.13541666666666666 0.01162109375 0.02378472222222222
2 0.22890625 0.6958333333333333 0.01103515625 0.022395833333333334
2 0.426171875 0.8673611111111111 0.00869140625 0.02065972222222222
2 0.179296875 0.7013888888888888 0.00625 0.027777777777777776
2 0.141796875 0.6423611111111112 0.00869140625 0.018229166666666668
2 0.2140625 0.7868055555555555 0.00791015625 0.01545138888888889
3 0.168359375 0.3090277777777778 0.03662109375 0.041666666666666664