1 0.2734375 0.9527777777777777 0.0203125 0.06684027777777778
1 0.307421875 0.4708333333333333 0.02890625 0.03350694444444444
1 0.077734375 0.4354166666666667 0.02900390625 0.028993055555555557
1 0.131640625 0.9479166666666666 0.03974609375 0.043055555555555555
1 0.219140625 0.5020833333333333 0.02421875 0.029166666666666667
1 0.048046875 0.4305555555555556 0.03056640625 0.022222222222222223
1 0.241015625 0.37222222222222223 0.02890625 0.022048611111111113
0 0.55 0.5645833333333333 0.01708984375 0.03732638888888889
1 0.180078125 0.5875 0.03037109375 0.019618055555555555
1 0.02421875 0.4076388888888889 0.01572265625 0.03454861111111111
1 0.1015625 0.7715277777777778 0.03125 0.021006944444444446
1 0.16328125 0.59375 0.02041015625 0.025
1 0.166796875 0.9534722222222223 0.02880859375 0.016666666666666666
1 0.730078125 0.41041666666666665 0.02724609375 0.0375
1 0.1609375 0.5694444444444444 0.02509765625 0.017013888888888887
1 0.1109375 0.42430555555555555 0.01259765625 0.03611111111111111
1 0.88984375 0.42569444444444443 0.02666015625 0.029340277777777778
1 0.1 0.4284722222222222 0.01259765625 0.034722222222222224
1 0.210546875 0.5076388888888889 0.02109375 0.020833333333333332
1 0.42578125 0.3888888888888889 0.02490234375 0.016493055555555556
1 0.327734375 0.4166666666666667 0.0265625 0.02795138888888889
1 0.939453125 0.4756944444444444 0.025 0.027777777777777776
1 0.17421875 0.5756944444444444 0.02646484375 0.03454861111111111
1 0.312890625 0.5694444444444444 0.02568359375 0.013888888888888888
1 0.863671875 0.4166666666666667 0.02568359375 0.03333333333333333
1 0.98828125 0.3715277777777778 0.02333984375 0.015104166666666667
1 0.3734375 0.4756944444444444 0.0234375 0.013888888888888888
1 0.39140625 0.38055555555555554 0.02197265625 0.03350694444444444
1 0.244921875 0.5916666666666667 0.02255859375 0.02795138888888889
1 0.896484375 0.3875 0.02265625 0.02795138888888889
1 0.353125 0.41597222222222224 0.021875 0.028993055555555557
1 0.431640625 0.3840277777777778 0.02109375 0.015104166666666667
1 0.2234375 0.47847222222222224 0.02177734375 0.03177083333333333
1 0.951171875 0.2513888888888889 0.021875 0.030208333333333334
1 0.786328125 0.25 0.01005859375 0.027430555555555555
1 0.327734375 0.4083333333333333 0.02119140625 0.011284722222222222
1 0.08828125 0.4618055555555556 0.0173828125 0.029340277777777778
1 0.7203125 0.25833333333333336 0.0203125 0.013715277777777778
1 0.6703125 0.29305555555555557 0.00927734375 0.027604166666666666
1 0.105078125 0.4548611111111111 0.01787109375 0.029340277777777778
1 0.56640625 0.2986111111111111 0.01572265625 0.0109375
1 0.322265625 0.3236111111111111 0.00693359375 0.022395833333333334
1 0.67734375 0.2972222222222222 0.00927734375 0.016840277777777777
1 0.696875 0.24930555555555556 0.0078125 0.02065972222222222
1 0.716015625 0.2847222222222222 0.00693359375 0.022048611111111113
1 0.709765625 0.27569444444444446 0.00693359375 0.020833333333333332
1 0.705859375 0.23472222222222222 0.00625 0.019791666666666666
3 0.684765625 0.5326388888888889 0.00869140625 0.008333333333333333