0 0.4203125 0.9840277777777777 0.04208984375 0.03177083333333333
0 0.559765625 0.43819444444444444 0.01494140625 0.04045138888888889
2 0.87734375 0.5305555555555556 0.01875 0.03315972222222222
0 0.162890625 0.7993055555555556 0.01494140625 0.03177083333333333
2 0.66875 0.46805555555555556 0.01396484375 0.030555555555555555
0 0.173046875 0.18472222222222223 0.01337890625 0.025173611111111112
2 0.621484375 0.23333333333333334 0.01005859375 0.022395833333333334
2 0.1875 0.2569444444444444 0.01240234375 0.0140625
2 0.85625 0.6395833333333333 0.00791015625 0.017881944444444443
2 0.16328125 0.19236111111111112 0.00625 0.02065972222222222
2 0.125390625 0.25972222222222224 0.009375 0.013888888888888888
2 0.016796875 0.4326388888888889 0.00625 0.018229166666666668
2 0.1125 0.7173611111111111 0.00771484375 0.013888888888888888
2 0.534765625 0.3645833333333333 0.00556640625 0.015104166666666667
2 0.55546875 0.34791666666666665 0.00615234375 0.015104166666666667
2 0.108984375 0.5027777777777778 0.00625 0.0109375
2 0.144921875 0.7333333333333333 0.00400390625 0.0140625
2 0.192578125 0.2388888888888889 0.00537109375 0.0109375
2 0.184765625 0.21597222222222223 0.00400390625 0.012326388888888888
2 0.0796875 0.5618055555555556 0.00322265625 0.011111111111111112
2 0.640234375 0.41597222222222224 0.0046875 0.008333333333333333
2 0.644140625 0.32083333333333336 0.00380859375 0.008159722222222223