1 0.125390625 0.7972222222222223 0.03818359375 0.041840277777777775
1 0.813671875 0.8777777777777778 0.034375 0.044270833333333336
1 0.23984375 0.8868055555555555 0.03759765625 0.0375
1 0.333203125 0.8118055555555556 0.02734375 0.043229166666666666
1 0.988671875 0.8798611111111111 0.021875 0.042881944444444445
1 0.278125 0.8833333333333333 0.02646484375 0.03315972222222222
1 0.37890625 0.8291666666666667 0.034375 0.025
1 0.240625 0.8701388888888889 0.03271484375 0.021006944444444446
1 0.38671875 0.8208333333333333 0.02958984375 0.024652777777777777
1 0.86953125 0.5645833333333333 0.0140625 0.043229166666666666
1 0.78125 0.5868055555555556 0.0279296875 0.018229166666666668
1 0.242578125 0.6993055555555555 0.01162109375 0.043229166666666666
1 0.57578125 0.65625 0.0205078125 0.02361111111111111
1 0.718359375 0.6388888888888888 0.00869140625 0.04461805555555556
1 0.7734375 0.6173611111111111 0.01240234375 0.029340277777777778
1 0.7515625 0.5659722222222222 0.00927734375 0.03888888888888889
1 0.728125 0.6451388888888889 0.0078125 0.03611111111111111
1 0.782421875 0.6368055555555555 0.00869140625 0.028993055555555557
1 0.762109375 0.5416666666666666 0.00869140625 0.03350694444444444