3 0.944140625 0.5222222222222223 0.033984375 0.08958333333333333
3 0.317578125 0.5819444444444445 0.031640625 0.07222222222222222
3 0.492578125 0.9652777777777778 0.053515625 0.03333333333333333
3 0.237890625 0.39791666666666664 0.027734375 0.04375
3 0.377734375 0.48819444444444443 0.013671875 0.05
3 0.555078125 0.8423611111111111 0.0171875 0.03333333333333333
3 0.423828125 0.34375 0.0125 0.03611111111111111
3 0.27109375 0.6368055555555555 0.0140625 0.029861111111111113
3 0.445703125 0.42083333333333334 0.015234375 0.024305555555555556
3 0.33671875 0.29930555555555555 0.0125 0.022916666666666665
3 0.301171875 0.8569444444444444 0.012109375 0.022222222222222223