2 0.77890625 0.3423611111111111 0.02958984375 0.05677083333333333
2 0.917578125 0.28680555555555554 0.02119140625 0.02621527777777778
2 0.587109375 0.3611111111111111 0.01630859375 0.03315972222222222
0 0.508203125 0.175 0.0140625 0.022048611111111113
2 0.3671875 0.45902777777777776 0.01083984375 0.022222222222222223
2 0.348828125 0.3729166666666667 0.01162109375 0.017881944444444443
2 0.209765625 0.19305555555555556 0.0078125 0.016666666666666666
2 0.744140625 0.8166666666666667 0.00869140625 0.013888888888888888
2 0.673046875 0.12638888888888888 0.00625 0.016840277777777777
2 0.327734375 0.08402777777777778 0.0078125 0.013888888888888888
2 0.978125 0.3659722222222222 0.0046875 0.015104166666666667
2 0.573046875 0.3020833333333333 0.00693359375 0.007118055555555555
2 0.521484375 0.3680555555555556 0.0046875 0.008506944444444444
2 0.402734375 0.08819444444444445 0.00625 0.0067708333333333336
2 0.716015625 0.24166666666666667 0.003125 0.011111111111111112