0 0.62890625 0.4215277777777778 0.03427734375 0.07621527777777778
2 0.73125 0.9743055555555555 0.021875 0.041666666666666664
2 0.2671875 0.11319444444444444 0.01416015625 0.0265625
2 0.75546875 0.9631944444444445 0.0171875 0.02065972222222222
2 0.890234375 0.32430555555555557 0.0125 0.027777777777777776
2 0.397265625 0.8277777777777777 0.01025390625 0.030381944444444444
2 0.303125 0.8770833333333333 0.01552734375 0.02065972222222222
2 0.428515625 0.9166666666666666 0.01181640625 0.025173611111111112
2 0.35703125 0.8145833333333333 0.0125 0.02378472222222222
2 0.963671875 0.49027777777777776 0.009375 0.030381944444444444
2 0.37109375 0.2972222222222222 0.00771484375 0.016666666666666666
2 0.302734375 0.5486111111111112 0.00693359375 0.0109375
2 0.24765625 0.22430555555555556 0.0046875 0.009895833333333333
2 0.290625 0.60625 0.00458984375 0.011111111111111112
2 0.220703125 0.24861111111111112 0.0046875 0.008333333333333333
2 0.305859375 0.13333333333333333 0.0046875 0.005729166666666666