3 0.36171875 0.8798611111111111 0.07421875 0.09722222222222222
3 0.696875 0.6680555555555555 0.034375 0.041666666666666664
0 0.388671875 0.2013888888888889 0.0328125 0.043055555555555555
3 0.46328125 0.5611111111111111 0.01328125 0.09791666666666667
0 0.38203125 0.4361111111111111 0.0359375 0.02847222222222222
0 0.51171875 0.5381944444444444 0.026953125 0.03263888888888889
0 0.64140625 0.8222222222222222 0.023046875 0.02361111111111111
3 0.87734375 0.4638888888888889 0.0140625 0.03819444444444445
0 0.62578125 0.8819444444444444 0.019140625 0.022916666666666665
2 0.57109375 0.4513888888888889 0.016015625 0.024305555555555556
0 0.516015625 0.775 0.011328125 0.03263888888888889
2 0.568359375 0.44305555555555554 0.02421875 0.029166666666666667