2 0.674609375 0.89375 0.02587890625 0.06267361111111111
0 0.912109375 0.6319444444444444 0.02587890625 0.04722222222222222
2 0.723046875 0.7513888888888889 0.0234375 0.05
2 0.424609375 0.37777777777777777 0.03056640625 0.0359375
2 0.544921875 0.4701388888888889 0.01943359375 0.05
2 0.969140625 0.9506944444444444 0.01962890625 0.04045138888888889
2 0.729296875 0.5618055555555556 0.01494140625 0.05277777777777778
2 0.891015625 0.7784722222222222 0.01630859375 0.043229166666666666
2 0.06953125 0.3194444444444444 0.01552734375 0.04461805555555556
2 0.025390625 0.5159722222222223 0.015625 0.043229166666666666
2 0.794140625 0.46597222222222223 0.015625 0.027777777777777776
2 0.776953125 0.6034722222222222 0.01337890625 0.030555555555555555
2 0.420703125 0.2701388888888889 0.01474609375 0.027777777777777776
2 0.316015625 0.40208333333333335 0.01650390625 0.02378472222222222
2 0.990625 0.38958333333333334 0.00771484375 0.05277777777777778
2 0.743359375 0.35208333333333336 0.0109375 0.03177083333333333
2 0.641015625 0.6604166666666667 0.01630859375 0.019444444444444445
2 0.979296875 0.7118055555555556 0.00869140625 0.03732638888888889
2 0.613671875 0.6465277777777778 0.01318359375 0.022222222222222223
2 0.01875 0.5458333333333333 0.0109375 0.022395833333333334
2 0.224609375 0.44027777777777777 0.01005859375 0.019270833333333334
2 0.9328125 0.9506944444444444 0.01103515625 0.015104166666666667
2 0.945703125 0.9645833333333333 0.0078125 0.021006944444444446
2 0.594921875 0.7027777777777777 0.00712890625 0.013715277777777778