1 0.6203125 0.8083333333333333 0.0234375 0.050347222222222224
1 0.78359375 0.8916666666666667 0.025 0.03298611111111111
1 0.368359375 0.47638888888888886 0.01943359375 0.03350694444444444
1 0.335546875 0.7590277777777777 0.01337890625 0.042881944444444445
1 0.501171875 0.6826388888888889 0.0171875 0.03177083333333333
1 0.778125 0.5416666666666666 0.01416015625 0.03298611111111111
1 0.1796875 0.7777777777777778 0.01552734375 0.030555555555555555
1 0.621484375 0.6854166666666667 0.01787109375 0.02621527777777778
1 0.709765625 0.7201388888888889 0.02109375 0.02065972222222222
0 0.922265625 0.5104166666666666 0.01650390625 0.02378472222222222
1 0.662890625 0.5972222222222222 0.0171875 0.022395833333333334
1 0.578125 0.5104166666666666 0.01396484375 0.0265625
1 0.512890625 0.83125 0.01875 0.017881944444444443
1 0.581640625 0.8333333333333334 0.00849609375 0.03854166666666667
1 0.542578125 0.5291666666666667 0.009375 0.030381944444444444
1 0.819921875 0.4673611111111111 0.01787109375 0.015104166666666667
1 0.715625 0.30416666666666664 0.0158203125 0.01423611111111111
1 0.524609375 0.7402777777777778 0.00693359375 0.036284722222222225
1 0.5359375 0.5604166666666667 0.0154296875 0.016666666666666666
1 0.5171875 0.47430555555555554 0.00615234375 0.02621527777777778
1 0.4703125 0.6013888888888889 0.0060546875 0.025
0 0.8921875 0.1736111111111111 0.01083984375 0.013541666666666667
1 0.894140625 0.08541666666666667 0.01474609375 0.008333333333333333
1 0.991796875 0.7576388888888889 0.01640625 0.02378472222222222