0 0.30546875 0.3819444444444444 0.028125 0.09375
0 0.825390625 0.4840277777777778 0.025390625 0.07152777777777777
0 0.849609375 0.7208333333333333 0.0171875 0.03125
0 0.300390625 0.5180555555555556 0.016796875 0.04097222222222222
0 0.694921875 0.6604166666666667 0.01875 0.025694444444444443
0 0.98046875 0.6048611111111111 0.019140625 0.03958333333333333
3 0.439453125 0.3840277777777778 0.019921875 0.03263888888888889
0 0.315234375 0.3819444444444444 0.014453125 0.022222222222222223
0 0.793359375 0.7104166666666667 0.0125 0.025694444444444443
3 0.2875 0.3229166666666667 0.011328125 0.025694444444444443
0 0.42109375 0.33541666666666664 0.009375 0.029861111111111113
2 0.979296875 0.3576388888888889 0.0078125 0.02847222222222222
2 0.384375 0.9881944444444445 0.009375 0.02013888888888889
0 0.058203125 0.1527777777777778 0.010546875 0.017361111111111112
2 0.81015625 0.8625 0.005859375 0.04652777777777778
2 0.405859375 0.27291666666666664 0.0078125 0.019444444444444445
0 0.8140625 0.6541666666666667 0.013671875 0.024305555555555556
2 0.821484375 0.6756944444444445 0.008203125 0.024305555555555556
2 0.490625 0.7076388888888889 0.010546875 0.017361111111111112
1 0.17890625 0.28055555555555556 0.010546875 0.019444444444444445
3 0.261328125 0.2902777777777778 0.00625 0.011805555555555555
3 0.361328125 0.4270833333333333 0.009375 0.01597222222222222
2 0.478515625 0.7861111111111111 0.008203125 0.01597222222222222
2 0.378515625 0.24722222222222223 0.0046875 0.009027777777777777
3 0.42734375 0.16944444444444445 0.0046875 0.008333333333333333
3 0.446875 0.3159722222222222 0.003515625 0.007638888888888889
3 0.456640625 0.34375 0.003515625 0.00625
3 0.301171875 0.725 0.0046875 0.011805555555555555