2 0.539453125 0.5972222222222222 0.021875 0.05260416666666667
0 0.55234375 0.64375 0.02509765625 0.034895833333333334
0 0.335546875 0.725 0.01943359375 0.03888888888888889
0 0.907421875 0.5659722222222222 0.01318359375 0.044444444444444446
0 0.428515625 0.90625 0.01181640625 0.03177083333333333
0 0.961328125 0.56875 0.01005859375 0.025
0 0.848828125 0.4840277777777778 0.01025390625 0.02065972222222222
2 0.20078125 0.12916666666666668 0.00947265625 0.022048611111111113
2 0.376953125 0.9236111111111112 0.009375 0.016666666666666666
0 0.996484375 0.6729166666666667 0.0046875 0.022222222222222223
2 0.380078125 0.9631944444444445 0.00625 0.012673611111111111
2 0.521484375 0.48680555555555555 0.00556640625 0.011111111111111112