2 0.865234375 0.6944444444444444 0.0359375 0.09513888888888888
2 0.074609375 0.9604166666666667 0.04375 0.06875
0 0.607421875 0.5868055555555556 0.034375 0.05555555555555555
0 0.270703125 0.25069444444444444 0.01875 0.09791666666666667
0 0.63671875 0.4673611111111111 0.0234375 0.06875
2 0.56328125 0.7236111111111111 0.023046875 0.06180555555555556
0 0.187890625 0.11597222222222223 0.029296875 0.03680555555555556
2 0.345703125 0.5736111111111111 0.028125 0.034027777777777775
0 0.436328125 0.8354166666666667 0.024609375 0.034027777777777775
2 0.380078125 0.5368055555555555 0.021484375 0.034027777777777775
2 0.715234375 0.6416666666666667 0.022265625 0.03333333333333333
2 0.541796875 0.8347222222222223 0.019921875 0.03333333333333333
2 0.824609375 0.6909722222222222 0.022265625 0.027083333333333334
0 0.390625 0.9263888888888889 0.013671875 0.035416666666666666
0 0.835546875 0.30416666666666664 0.015234375 0.027083333333333334
2 0.588671875 0.8756944444444444 0.016796875 0.022916666666666665
0 0.907421875 0.8326388888888889 0.011328125 0.029861111111111113
2 0.675390625 0.16041666666666668 0.013671875 0.024305555555555556
2 0.813671875 0.7208333333333333 0.009375 0.034027777777777775
2 0.773046875 0.66875 0.0140625 0.02013888888888889
2 0.22578125 0.6256944444444444 0.011328125 0.021527777777777778
2 0.708984375 0.9881944444444445 0.012890625 0.017361111111111112
2 0.221484375 0.3770833333333333 0.009765625 0.022916666666666665
2 0.014453125 0.37430555555555556 0.007421875 0.027083333333333334
2 0.291015625 0.5798611111111112 0.009765625 0.016666666666666666
2 0.73125 0.4097222222222222 0.007421875 0.021527777777777778
2 0.485546875 0.37430555555555556 0.0078125 0.017361111111111112
2 0.1609375 0.23680555555555555 0.009765625 0.013888888888888888
2 0.646484375 0.9909722222222223 0.012109375 0.010416666666666666
2 0.907421875 0.49375 0.013671875 0.02013888888888889