1 0.025390625 0.4125 0.023828125 0.10486111111111111
0 0.501171875 0.5326388888888889 0.03125 0.059027777777777776
3 0.604296875 0.6638888888888889 0.024609375 0.05763888888888889
2 0.272265625 0.24513888888888888 0.028515625 0.044444444444444446
0 0.030859375 0.34097222222222223 0.030859375 0.029861111111111113
2 0.673828125 0.28541666666666665 0.016015625 0.034027777777777775
3 0.61640625 0.6715277777777777 0.009375 0.05625
2 0.9296875 0.2423611111111111 0.011328125 0.04652777777777778
0 0.967578125 0.35208333333333336 0.009765625 0.04375
2 0.161328125 0.16180555555555556 0.012890625 0.03125
0 0.0875 0.3451388888888889 0.013671875 0.029861111111111113
2 0.830859375 0.7409722222222223 0.012890625 0.027083333333333334
0 0.247265625 0.60625 0.018359375 0.03263888888888889
3 0.345703125 0.18888888888888888 0.010546875 0.025
0 0.9578125 0.2152777777777778 0.0078125 0.03333333333333333
0 0.05234375 0.37916666666666665 0.010546875 0.024305555555555556
3 0.1609375 0.7166666666666667 0.014453125 0.027777777777777776
3 0.154296875 0.2604166666666667 0.0109375 0.021527777777777778
0 0.208203125 0.13125 0.0109375 0.016666666666666666
0 0.986328125 0.19236111111111112 0.007421875 0.022222222222222223
3 0.173828125 0.78125 0.009375 0.016666666666666666
2 0.526953125 0.23819444444444443 0.006640625 0.019444444444444445
2 0.771484375 0.9138888888888889 0.010546875 0.011111111111111112
3 0.210546875 0.2548611111111111 0.009375 0.010416666666666666
3 0.59765625 0.2673611111111111 0.005078125 0.011111111111111112
3 0.996484375 0.2625 0.006640625 0.022916666666666665