3 0.817578125 0.5673611111111111 0.055078125 0.27847222222222223
3 0.549609375 0.5180555555555556 0.074609375 0.1111111111111111
2 0.283984375 0.6118055555555556 0.040625 0.07847222222222222
0 0.154296875 0.8520833333333333 0.034375 0.08541666666666667
2 0.24609375 0.16666666666666666 0.036328125 0.06041666666666667
2 0.712890625 0.9034722222222222 0.0265625 0.044444444444444446
2 0.382421875 0.6756944444444445 0.030078125 0.03819444444444445
2 0.350390625 0.5340277777777778 0.021875 0.03819444444444445
2 0.238671875 0.2951388888888889 0.016015625 0.027777777777777776
2 0.747265625 0.19027777777777777 0.0109375 0.03888888888888889
2 0.927734375 0.9340277777777778 0.0125 0.022916666666666665
3 0.331640625 0.6354166666666666 0.008203125 0.03333333333333333
2 0.697265625 0.8743055555555556 0.013671875 0.01875
2 0.87265625 0.8111111111111111 0.0078125 0.03125
2 0.861328125 0.9486111111111111 0.006640625 0.03333333333333333
2 0.84453125 0.6777777777777778 0.009765625 0.02013888888888889
2 0.980078125 0.4423611111111111 0.008203125 0.025
2 0.362109375 0.7131944444444445 0.0109375 0.01875
2 0.37890625 0.6916666666666667 0.009375 0.019444444444444445
2 0.64609375 0.1736111111111111 0.012109375 0.013888888888888888
2 0.900390625 0.4222222222222222 0.009375 0.01597222222222222
2 0.277734375 0.2423611111111111 0.008203125 0.016666666666666666
2 0.651171875 0.1423611111111111 0.0078125 0.01597222222222222
2 0.654296875 0.22847222222222222 0.015234375 0.007638888888888889
2 0.167578125 0.18263888888888888 0.008203125 0.011805555555555555
2 0.765234375 0.6006944444444444 0.00625 0.01597222222222222
2 0.29375 0.15138888888888888 0.00625 0.011805555555555555
3 0.662890625 0.8652777777777778 0.016796875 0.027777777777777776