2 0.973046875 0.6423611111111112 0.0484375 0.03888888888888889
1 0.259375 0.53125 0.0453125 0.0375
2 0.507421875 0.7416666666666667 0.03359375 0.044444444444444446
2 0.955859375 0.6611111111111111 0.02265625 0.04722222222222222
2 0.38671875 0.5819444444444445 0.03125 0.019097222222222224
2 0.867578125 0.4576388888888889 0.028125 0.013888888888888888
2 0.058984375 0.4479166666666667 0.025 0.013888888888888888
2 0.7984375 0.4909722222222222 0.01875 0.016666666666666666
2 0.188671875 0.48541666666666666 0.02421875 0.0125
2 0.497265625 0.5034722222222222 0.01875 0.013888888888888888
2 0.71171875 0.4423611111111111 0.0109375 0.02361111111111111
2 0.383984375 0.48194444444444445 0.00859375 0.022222222222222223
2 0.28984375 0.44027777777777777 0.0205078125 0.008333333333333333
2 0.18984375 0.525 0.0142578125 0.011111111111111112
2 0.18046875 0.45069444444444445 0.0109375 0.011111111111111112
2 0.18125 0.5388888888888889 0.0125 0.008333333333333333
2 0.11953125 0.44305555555555554 0.0111328125 0.00798611111111111
2 0.125 0.45069444444444445 0.0109375 0.006944444444444444
2 0.153515625 0.44513888888888886 0.0109375 0.005555555555555556
2 0.241015625 0.4638888888888889 0.00625 0.010763888888888889
2 0.1546875 0.4708333333333333 0.0064453125 0.00798611111111111
2 0.0109375 0.44375 0.0064453125 0.004166666666666667
2 0.12890625 0.4354166666666667 0.00625 0.005555555555555556
2 0.078515625 0.4513888888888889 0.00703125 0.003125
2 0.04765625 0.5027777777777778 0.00625 0.005208333333333333
2 0.03671875 0.4826388888888889 0.00625 0.004166666666666667
2 0.1375 0.4444444444444444 0.0046875 0.005208333333333333
2 0.03125 0.475 0.00625 0.002777777777777778
2 0.67578125 0.45694444444444443 0.0109375 0.011111111111111112