3 0.186328125 0.20416666666666666 0.018359375 0.08819444444444445
0 0.64453125 0.7111111111111111 0.0265625 0.04513888888888889
0 0.8859375 0.7680555555555556 0.0171875 0.04791666666666667
2 0.423828125 0.7270833333333333 0.01875 0.03888888888888889
0 0.528515625 0.9604166666666667 0.021484375 0.022916666666666665
2 0.43046875 0.8444444444444444 0.0140625 0.02013888888888889
2 0.582421875 0.6729166666666667 0.0109375 0.017361111111111112
2 0.484765625 0.2 0.0078125 0.016666666666666666
3 0.253515625 0.6201388888888889 0.005078125 0.022916666666666665
2 0.141015625 0.2361111111111111 0.007421875 0.016666666666666666
2 0.158984375 0.69375 0.0078125 0.01597222222222222
3 0.219140625 0.5604166666666667 0.00625 0.013888888888888888
3 0.193359375 0.3597222222222222 0.005078125 0.011805555555555555
3 0.568359375 0.3909722222222222 0.005859375 0.009027777777777777
3 0.36328125 0.20069444444444445 0.0078125 0.009027777777777777