1 0.719140625 0.375 0.037890625 0.03958333333333333
0 0.76171875 0.7993055555555556 0.023046875 0.06388888888888888
0 0.812109375 0.19791666666666666 0.021875 0.05
0 0.67734375 0.9034722222222222 0.023046875 0.03958333333333333
0 0.829296875 0.98125 0.020703125 0.03611111111111111
0 0.715625 0.4701388888888889 0.014453125 0.05
0 0.8390625 0.13958333333333334 0.0203125 0.029861111111111113
0 0.16640625 0.7548611111111111 0.0171875 0.03333333333333333
0 0.4046875 0.5319444444444444 0.01875 0.029861111111111113
0 0.735546875 0.6506944444444445 0.020703125 0.019444444444444445
0 0.784765625 0.3701388888888889 0.009765625 0.03819444444444445
0 0.87734375 0.29930555555555555 0.015234375 0.024305555555555556
0 0.31796875 0.6798611111111111 0.009765625 0.025694444444444443
0 0.819921875 0.6402777777777777 0.012109375 0.017361111111111112
0 0.919921875 0.5340277777777778 0.009375 0.01875
0 0.5171875 0.30972222222222223 0.0109375 0.014583333333333334
0 0.400390625 0.9875 0.008203125 0.01875
0 0.089453125 0.8395833333333333 0.006640625 0.017361111111111112
2 0.597265625 0.7694444444444445 0.0046875 0.013888888888888888