0 0.80078125 0.84375 0.02958984375 0.03888888888888889
1 0.925390625 0.23541666666666666 0.01005859375 0.0484375
2 0.199609375 0.2923611111111111 0.00712890625 0.059895833333333336
2 0.219921875 0.2951388888888889 0.01630859375 0.025
2 0.218359375 0.8256944444444444 0.009375 0.021006944444444446
0 0.937890625 0.4479166666666667 0.0078125 0.025
2 0.4359375 0.71875 0.009375 0.01545138888888889
2 0.98046875 0.9291666666666667 0.00771484375 0.019270833333333334
2 0.888671875 0.6430555555555556 0.00712890625 0.016666666666666666
2 0.96953125 0.36875 0.00625 0.015104166666666667
2 0.920703125 0.33055555555555555 0.0046875 0.011111111111111112
2 0.485546875 0.5701388888888889 0.0046875 0.012326388888888888
2 0.485546875 0.6277777777777778 0.00537109375 0.008333333333333333
2 0.472265625 0.75625 0.00380859375 0.009548611111111112
2 0.518359375 0.6041666666666666 0.003125 0.008506944444444444
2 0.51015625 0.6090277777777777 0.00302734375 0.004340277777777778