0 0.655078125 0.7243055555555555 0.05869140625 0.06944444444444445
3 0.510546875 0.9548611111111112 0.0859375 0.03211805555555555
0 0.788671875 0.8125 0.03662109375 0.05572916666666667
3 0.159765625 0.6506944444444445 0.01337890625 0.12899305555555557
3 0.205078125 0.6979166666666666 0.02724609375 0.058333333333333334
3 0.691015625 0.4263888888888889 0.03974609375 0.0359375
3 0.500390625 0.23055555555555557 0.03505859375 0.0390625
0 0.73359375 0.16180555555555556 0.0265625 0.042881944444444445
2 0.315625 0.64375 0.02177734375 0.03767361111111111
3 0.1953125 0.6493055555555556 0.0203125 0.03767361111111111
2 0.12109375 0.7777777777777778 0.01865234375 0.0390625
0 0.869921875 0.8569444444444444 0.01806640625 0.03333333333333333
2 0.1828125 0.71875 0.015625 0.034895833333333334
3 0.216796875 0.6951388888888889 0.01650390625 0.03333333333333333
3 0.708984375 0.10069444444444445 0.01650390625 0.029340277777777778
2 0.7796875 0.7395833333333334 0.01572265625 0.030555555555555555
2 0.046484375 0.5236111111111111 0.0171875 0.027777777777777776
3 0.4 0.7243055555555555 0.0078125 0.06267361111111111
3 0.835546875 0.6256944444444444 0.01318359375 0.03732638888888889
2 0.1875 0.41180555555555554 0.01240234375 0.03767361111111111
3 0.168359375 0.5298611111111111 0.01025390625 0.042881944444444445
2 0.055078125 0.5493055555555556 0.0140625 0.03177083333333333
2 0.28515625 0.7958333333333333 0.01552734375 0.027777777777777776
0 0.741015625 0.5597222222222222 0.01630859375 0.025
3 0.518359375 0.7875 0.015625 0.025173611111111112
3 0.8046875 0.53125 0.00625 0.06111111111111111
2 0.040234375 0.3645833333333333 0.0125 0.029340277777777778
0 0.778125 0.22430555555555556 0.01240234375 0.030555555555555555
0 0.371484375 0.61875 0.01337890625 0.0265625
2 0.762109375 0.76875 0.01181640625 0.028993055555555557
2 0.22890625 0.7583333333333333 0.00947265625 0.03350694444444444
0 0.983203125 0.8736111111111111 0.01181640625 0.027604166666666666
2 0.05625 0.8923611111111112 0.01552734375 0.02065972222222222
0 0.358984375 0.6625 0.01337890625 0.022395833333333334
3 0.381640625 0.4618055555555556 0.0125 0.02378472222222222
2 0.525 0.7256944444444444 0.01396484375 0.02065972222222222
2 0.326953125 0.8972222222222223 0.01025390625 0.022395833333333334
2 0.414453125 0.7645833333333333 0.01318359375 0.016666666666666666
3 0.118359375 0.8118055555555556 0.00849609375 0.0265625
2 0.7078125 0.20208333333333334 0.01103515625 0.017881944444444443
2 0.62890625 0.9305555555555556 0.00771484375 0.02795138888888889
3 0.361328125 0.8590277777777777 0.00849609375 0.02378472222222222
2 0.392578125 0.7513888888888889 0.00869140625 0.022395833333333334
3 0.696484375 0.79375 0.01162109375 0.016666666666666666
2 0.44375 0.7388888888888889 0.0109375 0.016840277777777777
2 0.126171875 0.6993055555555555 0.01494140625 0.012673611111111111
2 0.133984375 0.8513888888888889 0.00537109375 0.0359375
2 0.17578125 0.5715277777777777 0.009375 0.02065972222222222
2 0.81015625 0.5756944444444444 0.00947265625 0.019444444444444445
2 0.25390625 0.9194444444444444 0.00947265625 0.019270833333333334
2 0.379296875 0.86875 0.0078125 0.022222222222222223
0 0.935546875 0.7319444444444444 0.009375 0.019270833333333334
2 0.7890625 0.5645833333333333 0.01083984375 0.016666666666666666
2 0.56171875 0.5368055555555555 0.00634765625 0.02378472222222222
2 0.1 0.8881944444444444 0.009375 0.017881944444444443
3 0.19921875 0.7597222222222222 0.00634765625 0.025
2 0.398046875 0.3576388888888889 0.01181640625 0.013888888888888888
2 0.827734375 0.33819444444444446 0.009375 0.017881944444444443
2 0.732421875 0.7763888888888889 0.01005859375 0.0140625
2 0.567578125 0.6347222222222222 0.009375 0.016493055555555556
2 0.248828125 0.7451388888888889 0.00869140625 0.016666666666666666
3 0.305078125 0.6895833333333333 0.00712890625 0.018229166666666668
2 0.9734375 0.42291666666666666 0.00634765625 0.019444444444444445
3 0.978125 0.6076388888888888 0.00478515625 0.02378472222222222
2 0.469921875 0.71875 0.00712890625 0.01545138888888889
2 0.088671875 0.8659722222222223 0.00537109375 0.018229166666666668
3 0.028515625 0.7451388888888889 0.00693359375 0.015104166666666667
2 0.310546875 0.21597222222222223 0.00537109375 0.018229166666666668
2 0.456640625 0.7270833333333333 0.01005859375 0.009548611111111112
2 0.699609375 0.30833333333333335 0.00380859375 0.022222222222222223
0 0.933984375 0.6104166666666667 0.00625 0.012673611111111111
2 0.74140625 0.6284722222222222 0.00634765625 0.011111111111111112
2 0.05546875 0.8520833333333333 0.00478515625 0.013888888888888888
2 0.270703125 0.7423611111111111 0.0078125 0.009548611111111112
3 0.701953125 0.14027777777777778 0.00537109375 0.013888888888888888
3 0.839453125 0.3277777777777778 0.00556640625 0.011111111111111112
2 0.057421875 0.24097222222222223 0.00556640625 0.009895833333333333
2 0.73984375 0.7513888888888889 0.00625 0.008506944444444444
2 0.366015625 0.9333333333333333 0.00400390625 0.013715277777777778
2 0.511328125 0.6736111111111112 0.00537109375 0.0109375
2 0.01015625 0.7409722222222223 0.003125 0.015104166666666667
2 0.37890625 0.9444444444444444 0.00615234375 0.008159722222222223
2 0.695703125 0.15625 0.00244140625 0.01545138888888889
2 0.124609375 0.2798611111111111 0.00380859375 0.009895833333333333
2 0.978515625 0.6798611111111111 0.00400390625 0.009895833333333333
2 0.796484375 0.6180555555555556 0.0046875 0.008159722222222223
2 0.803515625 0.25 0.00400390625 0.008333333333333333
2 0.374609375 0.9395833333333333 0.00537109375 0.0067708333333333336
2 0.814453125 0.5986111111111111 0.00380859375 0.008333333333333333
2 0.069921875 0.28958333333333336 0.00244140625 0.008333333333333333
2 0.768359375 0.6201388888888889 0.02431640625 0.041666666666666664