1 0.125390625 0.7972222222222223 0.037890625 0.04236111111111111
1 0.813671875 0.8777777777777778 0.034375 0.04375
1 0.23984375 0.8868055555555555 0.037890625 0.0375
1 0.333203125 0.8118055555555556 0.02734375 0.04375
1 0.988671875 0.8798611111111111 0.021875 0.04236111111111111
1 0.278125 0.8833333333333333 0.026171875 0.03263888888888889
1 0.37890625 0.8291666666666667 0.034375 0.025
1 0.240625 0.8701388888888889 0.032421875 0.021527777777777778
1 0.38671875 0.8208333333333333 0.029296875 0.02361111111111111
1 0.86953125 0.5645833333333333 0.0140625 0.04375
1 0.78125 0.5868055555555556 0.02734375 0.01875
1 0.242578125 0.6993055555555555 0.011328125 0.04375
1 0.57578125 0.65625 0.02109375 0.02361111111111111
1 0.718359375 0.6388888888888888 0.008984375 0.04513888888888889
1 0.7734375 0.6173611111111111 0.012109375 0.029861111111111113
1 0.7515625 0.5659722222222222 0.008984375 0.03888888888888889
1 0.728125 0.6451388888888889 0.0078125 0.03611111111111111
1 0.782421875 0.6368055555555555 0.008984375 0.02847222222222222
1 0.762109375 0.5416666666666666 0.008984375 0.034027777777777775