0 0.5015625 0.9569444444444445 0.0375 0.06041666666666667
0 0.204296875 0.07569444444444444 0.015625 0.05763888888888889
2 0.834375 0.6506944444444445 0.019140625 0.04097222222222222
0 0.312890625 0.2972222222222222 0.016796875 0.04097222222222222
2 0.618359375 0.5201388888888889 0.01875 0.034027777777777775
2 0.646484375 0.93125 0.018359375 0.029861111111111113
2 0.994140625 0.80625 0.010546875 0.034027777777777775
2 0.984765625 0.5847222222222223 0.008984375 0.027777777777777776
2 0.948046875 0.6840277777777778 0.008984375 0.022222222222222223
2 0.96328125 0.65625 0.009765625 0.01875
2 0.27265625 0.14930555555555555 0.013671875 0.03333333333333333