3 0.30390625 0.7798611111111111 0.05634765625 0.20711805555555557
3 0.037109375 0.7673611111111112 0.03837890625 0.20399305555555555
3 0.587109375 0.25416666666666665 0.06474609375 0.08055555555555556
3 0.107421875 0.2965277777777778 0.0453125 0.08732638888888888
2 0.298046875 0.3375 0.034375 0.10277777777777777
3 0.545703125 0.47708333333333336 0.03818359375 0.057118055555555554
3 0.330859375 0.3326388888888889 0.02724609375 0.0765625
3 0.323046875 0.23680555555555555 0.03056640625 0.06545138888888889
2 0.477734375 0.8326388888888889 0.02900390625 0.041666666666666664
2 0.474609375 0.7972222222222223 0.02119140625 0.058159722222222224
2 0.348046875 0.26805555555555555 0.0234375 0.05
3 0.6921875 0.15416666666666667 0.02958984375 0.03871527777777778
3 0.56015625 0.5298611111111111 0.02177734375 0.041666666666666664
2 0.477734375 0.6076388888888888 0.021875 0.03767361111111111
3 0.29453125 0.5444444444444444 0.01416015625 0.05295138888888889
2 0.366796875 0.41041666666666665 0.01875 0.04010416666666667
3 0.2203125 0.37430555555555556 0.02021484375 0.03732638888888889
2 0.4390625 0.7451388888888889 0.0125 0.05434027777777778
2 0.42109375 0.8527777777777777 0.02021484375 0.03350694444444444
2 0.5859375 0.3402777777777778 0.01875 0.03350694444444444
3 0.16171875 0.2013888888888889 0.01884765625 0.030555555555555555
2 0.63359375 0.16041666666666668 0.01259765625 0.03767361111111111
3 0.515625 0.4576388888888889 0.01884765625 0.0234375
2 0.45078125 0.2388888888888889 0.01259765625 0.030555555555555555
2 0.608984375 0.19305555555555556 0.01337890625 0.027777777777777776
2 0.52265625 0.37430555555555556 0.009375 0.03732638888888889
3 0.4875 0.5368055555555555 0.0125 0.025