0 0.42421875 0.08402777777777778 0.0453125 0.0734375
0 0.79453125 0.54375 0.025 0.06666666666666667
0 0.776953125 0.9319444444444445 0.025 0.05
0 0.3140625 0.3715277777777778 0.02021484375 0.05399305555555556
0 0.734765625 0.5305555555555556 0.01650390625 0.06128472222222222
0 0.648046875 0.5284722222222222 0.01806640625 0.05434027777777778
0 0.817578125 0.8909722222222223 0.01962890625 0.04878472222222222
0 0.759375 0.8756944444444444 0.02177734375 0.03888888888888889
0 0.331640625 0.0798611111111111 0.01318359375 0.051215277777777776
0 0.23203125 0.47847222222222224 0.01708984375 0.03454861111111111
0 0.619140625 0.7423611111111111 0.01337890625 0.03767361111111111
2 0.701171875 0.8631944444444445 0.01787109375 0.028993055555555557
3 0.317578125 0.7569444444444444 0.02099609375 0.022395833333333334
0 0.498046875 0.18958333333333333 0.0171875 0.0234375
0 0.348046875 0.1076388888888889 0.01494140625 0.02621527777777778
1 0.965234375 0.4305555555555556 0.01181640625 0.03315972222222222
0 0.259375 0.49722222222222223 0.01083984375 0.03333333333333333
2 0.80078125 0.8166666666666667 0.01103515625 0.027777777777777776
2 0.673046875 0.2520833333333333 0.01181640625 0.0265625
2 0.153515625 0.5368055555555555 0.01181640625 0.0265625
0 0.527734375 0.7270833333333333 0.0140625 0.02065972222222222
3 0.20390625 0.6451388888888889 0.00947265625 0.025
0 0.61015625 0.6402777777777777 0.0125 0.05260416666666667