1 0.623046875 0.8118055555555556 0.023828125 0.05416666666666667
1 0.787109375 0.8986111111111111 0.025390625 0.03125
1 0.373046875 0.48194444444444445 0.020703125 0.03819444444444445
1 0.6234375 0.6909722222222222 0.0203125 0.029861111111111113
1 0.505078125 0.6868055555555556 0.019140625 0.03125
1 0.33984375 0.7604166666666666 0.012890625 0.04375
1 0.78125 0.5430555555555555 0.015234375 0.035416666666666666
1 0.711328125 0.7263888888888889 0.021484375 0.025
1 0.92265625 0.5152777777777777 0.01796875 0.027777777777777776
1 0.183984375 0.7833333333333333 0.01484375 0.03194444444444444
1 0.58359375 0.8375 0.01171875 0.04027777777777778
1 0.665625 0.6027777777777777 0.016796875 0.025694444444444443
1 0.58125 0.5159722222222223 0.013671875 0.03125
1 0.9921875 0.7625 0.015625 0.025694444444444443
1 0.8234375 0.47152777777777777 0.018359375 0.01875
1 0.546875 0.5333333333333333 0.009765625 0.029861111111111113
1 0.53984375 0.5652777777777778 0.015234375 0.017361111111111112
1 0.52734375 0.74375 0.00703125 0.03819444444444445
1 0.71796875 0.3104166666666667 0.017578125 0.014583333333333334
1 0.5203125 0.48055555555555557 0.005859375 0.027083333333333334
1 0.473828125 0.60625 0.005859375 0.02638888888888889
1 0.52109375 0.8381944444444445 0.01796875 0.02013888888888889