3 0.883203125 0.6729166666666667 0.027734375 0.09513888888888888
2 0.20234375 0.3951388888888889 0.022265625 0.03888888888888889
2 0.42890625 0.48194444444444445 0.023046875 0.03611111111111111
2 0.51875 0.5965277777777778 0.015234375 0.05486111111111111
2 0.911328125 0.9243055555555556 0.018359375 0.03680555555555556
2 0.942578125 0.9006944444444445 0.016015625 0.03958333333333333
2 0.233203125 0.4284722222222222 0.0140625 0.027083333333333334
2 0.455859375 0.7729166666666667 0.0109375 0.01875
2 0.166015625 0.6944444444444444 0.0078125 0.02013888888888889
2 0.908984375 0.7638888888888888 0.008203125 0.013194444444444444
2 0.926953125 0.8006944444444445 0.00625 0.011805555555555555