1 0.260546875 0.4479166666666667 0.04140625 0.034722222222222224
1 0.475390625 0.4986111111111111 0.0359375 0.027777777777777776
1 0.33671875 0.4048611111111111 0.0375 0.020833333333333332
1 0.20078125 0.4131944444444444 0.0263671875 0.022222222222222223
1 0.28984375 0.4013888888888889 0.0267578125 0.019444444444444445
1 0.215625 0.4125 0.0185546875 0.019791666666666666
1 0.686328125 0.3958333333333333 0.02109375 0.01423611111111111
1 0.22265625 0.3854166666666667 0.0205078125 0.013888888888888888
1 0.309765625 0.4013888888888889 0.0140625 0.019444444444444445
1 0.28671875 0.3798611111111111 0.015625 0.013888888888888888
1 0.55 0.38333333333333336 0.0125 0.016319444444444445
1 0.50703125 0.3798611111111111 0.0111328125 0.011111111111111112
1 0.5703125 0.38263888888888886 0.009375 0.013888888888888888