1 0.816015625 0.5583333333333333 0.0734375 0.03888888888888889
1 0.640234375 0.5666666666666667 0.04609375 0.030555555555555555
1 0.569140625 0.5451388888888888 0.04296875 0.022222222222222223
1 0.846484375 0.47847222222222224 0.0296875 0.02638888888888889
1 0.31796875 0.47152777777777777 0.03125 0.018055555555555554
1 0.5375 0.45208333333333334 0.0220703125 0.020833333333333332
1 0.801171875 0.4826388888888889 0.021875 0.020833333333333332
1 0.26171875 0.43194444444444446 0.0171875 0.019791666666666666
1 0.775 0.45625 0.0171875 0.015277777777777777
1 0.80703125 0.46041666666666664 0.0125 0.019444444444444445
1 0.722265625 0.4326388888888889 0.01796875 0.011111111111111112
1 0.226953125 0.5020833333333333 0.0375 0.030555555555555555