1 0.499609375 0.5604166666666667 0.05 0.030555555555555555
1 0.659375 0.5625 0.0234375 0.0625
1 0.18671875 0.5027777777777778 0.03984375 0.025
1 0.27109375 0.47708333333333336 0.034375 0.02361111111111111
1 0.74453125 0.4666666666666667 0.02734375 0.018055555555555554
2 0.301171875 0.7277777777777777 0.01171875 0.03194444444444444
2 0.247265625 0.4326388888888889 0.01796875 0.016666666666666666
1 0.483984375 0.44305555555555554 0.0171875 0.018055555555555554
1 0.495703125 0.4701388888888889 0.01171875 0.018055555555555554
1 0.63828125 0.4305555555555556 0.01875 0.011111111111111112
1 0.715625 0.4548611111111111 0.0140625 0.013888888888888888
1 0.683203125 0.4479166666666667 0.01328125 0.0125