2 0.77890625 0.3423611111111111 0.029296875 0.05625
2 0.917578125 0.28680555555555554 0.021484375 0.025694444444444443
2 0.587109375 0.3611111111111111 0.016015625 0.03263888888888889
0 0.508203125 0.175 0.0140625 0.021527777777777778
2 0.3671875 0.45902777777777776 0.010546875 0.022222222222222223
2 0.348828125 0.3729166666666667 0.011328125 0.017361111111111112
2 0.209765625 0.19305555555555556 0.0078125 0.016666666666666666
2 0.744140625 0.8166666666666667 0.008984375 0.013888888888888888
2 0.673046875 0.12638888888888888 0.00625 0.017361111111111112
2 0.327734375 0.08402777777777778 0.0078125 0.013888888888888888
2 0.978125 0.3659722222222222 0.0046875 0.014583333333333334
2 0.573046875 0.3020833333333333 0.006640625 0.007638888888888889
2 0.521484375 0.3680555555555556 0.0046875 0.009027777777777777
2 0.402734375 0.08819444444444445 0.00625 0.00625
2 0.716015625 0.24166666666666667 0.003125 0.011111111111111112