3 0.573046875 0.48333333333333334 0.03505859375 0.04982638888888889
3 0.7203125 0.4861111111111111 0.02802734375 0.05295138888888889
2 0.488671875 0.9104166666666667 0.01875 0.030555555555555555
3 0.819140625 0.6833333333333333 0.01806640625 0.025
2 0.314453125 0.8319444444444445 0.01337890625 0.027604166666666666
3 0.100390625 0.4270833333333333 0.0125 0.029340277777777778
2 0.158984375 0.22569444444444445 0.00869140625 0.03732638888888889
2 0.3484375 0.83125 0.01103515625 0.0265625
2 0.563671875 0.7965277777777777 0.0109375 0.0234375
3 0.76015625 0.6631944444444444 0.01083984375 0.022222222222222223
2 0.87578125 0.8625 0.01083984375 0.022048611111111113
2 0.59765625 0.7701388888888889 0.00947265625 0.019444444444444445
2 0.598046875 0.21180555555555555 0.009375 0.013888888888888888
2 0.722265625 0.1423611111111111 0.01025390625 0.011111111111111112