0 0.2375 0.27569444444444446 0.037109375 0.06666666666666667
2 0.612890625 0.6756944444444445 0.038671875 0.04791666666666667
2 0.45078125 0.8736111111111111 0.022265625 0.04097222222222222
2 0.796484375 0.6743055555555556 0.025 0.03125
2 0.188671875 0.9013888888888889 0.0171875 0.03333333333333333
2 0.837109375 0.6729166666666667 0.019921875 0.027777777777777776
2 0.573828125 0.5993055555555555 0.012890625 0.019444444444444445
2 0.648046875 0.6354166666666666 0.0125 0.01875
2 0.799609375 0.8013888888888889 0.010546875 0.02013888888888889
2 0.945703125 0.61875 0.008984375 0.022222222222222223
2 0.017578125 0.7951388888888888 0.006640625 0.022222222222222223
2 0.300390625 0.6465277777777778 0.008984375 0.01597222222222222
2 0.265234375 0.3145833333333333 0.008203125 0.014583333333333334
2 0.241015625 0.8923611111111112 0.007421875 0.016666666666666666
2 0.0578125 0.8576388888888888 0.007421875 0.016666666666666666
2 0.298828125 0.2826388888888889 0.007421875 0.014583333333333334
2 0.209765625 0.6944444444444444 0.0078125 0.011805555555555555
2 0.934765625 0.39375 0.006640625 0.013888888888888888
2 0.601171875 0.6395833333333333 0.006640625 0.013888888888888888
2 0.8390625 0.625 0.007421875 0.011805555555555555
2 0.764453125 0.8625 0.00625 0.013888888888888888
2 0.8984375 0.48333333333333334 0.005078125 0.01597222222222222
2 0.316796875 0.4756944444444444 0.0078125 0.010416666666666666
2 0.841015625 0.6381944444444444 0.007421875 0.010416666666666666
2 0.29296875 0.4777777777777778 0.0046875 0.011805555555555555
2 0.810546875 0.6576388888888889 0.004296875 0.011111111111111112