1 0.765625 0.9041666666666667 0.026953125 0.06458333333333334
1 0.743359375 0.6666666666666666 0.02421875 0.049305555555555554
1 0.6953125 0.6243055555555556 0.03515625 0.034027777777777775
1 0.28203125 0.7090277777777778 0.0203125 0.04791666666666667
1 0.742578125 0.6270833333333333 0.0171875 0.052083333333333336
1 0.3671875 0.8743055555555556 0.021484375 0.04097222222222222
1 0.116015625 0.7229166666666667 0.02890625 0.02847222222222222
1 0.64453125 0.6513888888888889 0.01640625 0.04722222222222222
1 0.56953125 0.775 0.016796875 0.04583333333333333
1 0.58828125 0.8465277777777778 0.020703125 0.035416666666666666
1 0.61875 0.8020833333333334 0.015234375 0.04722222222222222
1 0.362109375 0.6854166666666667 0.014453125 0.04652777777777778
1 0.21171875 0.8034722222222223 0.0171875 0.03819444444444445
1 0.605078125 0.8493055555555555 0.02734375 0.022916666666666665
1 0.43671875 0.6743055555555556 0.024609375 0.024305555555555556
1 0.596484375 0.8298611111111112 0.0234375 0.025694444444444443
1 0.634375 0.7805555555555556 0.01796875 0.03194444444444444
1 0.09375 0.73125 0.01328125 0.043055555555555555
1 0.198046875 0.7236111111111111 0.01484375 0.0375
1 0.58359375 0.75625 0.013671875 0.03958333333333333
1 0.7 0.5215277777777778 0.012890625 0.03958333333333333
1 0.472265625 0.4875 0.019140625 0.025694444444444443
1 0.236328125 0.5784722222222223 0.013671875 0.034027777777777775
1 0.54921875 0.8625 0.0125 0.034027777777777775
1 0.515234375 0.5472222222222223 0.01484375 0.027777777777777776
1 0.47578125 0.5381944444444444 0.014453125 0.027777777777777776
1 0.291796875 0.6138888888888889 0.023828125 0.016666666666666666
1 0.65625 0.6930555555555555 0.009765625 0.03194444444444444
1 0.68046875 0.5958333333333333 0.00859375 0.035416666666666666
1 0.670703125 0.6381944444444444 0.015625 0.01875
1 0.28125 0.5680555555555555 0.00859375 0.02847222222222222
1 0.15390625 0.8270833333333333 0.018359375 0.03819444444444445