2 0.180859375 0.22847222222222222 0.0234375 0.04652777777777778
2 0.456640625 0.30833333333333335 0.027734375 0.025
2 0.293359375 0.5215277777777778 0.014453125 0.04375
0 0.555078125 0.18680555555555556 0.010546875 0.05763888888888889
0 0.528515625 0.24375 0.016015625 0.03680555555555556
2 0.333203125 0.26458333333333334 0.017578125 0.03125
2 0.238671875 0.3125 0.016015625 0.029861111111111113
2 0.662890625 0.2972222222222222 0.015625 0.022222222222222223
2 0.82421875 0.6590277777777778 0.009765625 0.03125
2 0.737890625 0.4013888888888889 0.012109375 0.024305555555555556
2 0.138671875 0.46458333333333335 0.009765625 0.022916666666666665
2 0.858984375 0.30069444444444443 0.009765625 0.019444444444444445
2 0.626953125 0.3159722222222222 0.008203125 0.017361111111111112
2 0.4921875 0.27847222222222223 0.009375 0.013888888888888888
2 0.475 0.26666666666666666 0.008984375 0.013888888888888888
2 0.1671875 0.13194444444444445 0.008984375 0.013888888888888888
2 0.517578125 0.27291666666666664 0.008984375 0.013888888888888888
2 0.20390625 0.5611111111111111 0.007421875 0.01597222222222222
2 0.247265625 0.11736111111111111 0.005859375 0.01597222222222222
2 0.478125 0.22361111111111112 0.006640625 0.011111111111111112
2 0.036328125 0.27291666666666664 0.0046875 0.01597222222222222
2 0.18359375 0.1423611111111111 0.00625 0.011805555555555555
2 0.187109375 0.15347222222222223 0.005078125 0.010416666666666666
1 0.323828125 0.14097222222222222 0.005859375 0.009027777777777777