3 0.817578125 0.5673611111111111 0.05537109375 0.27899305555555554
3 0.549609375 0.5180555555555556 0.07431640625 0.1111111111111111
2 0.283984375 0.6118055555555556 0.040625 0.07899305555555555
0 0.154296875 0.8520833333333333 0.034375 0.08489583333333334
2 0.24609375 0.16666666666666666 0.03603515625 0.0609375
2 0.712890625 0.9034722222222222 0.0265625 0.044444444444444446
2 0.382421875 0.6756944444444445 0.03037109375 0.03767361111111111
2 0.350390625 0.5340277777777778 0.021875 0.03767361111111111
2 0.238671875 0.2951388888888889 0.01630859375 0.027777777777777776
2 0.747265625 0.19027777777777777 0.0109375 0.03888888888888889
2 0.927734375 0.9340277777777778 0.0125 0.0234375
3 0.331640625 0.6354166666666666 0.00849609375 0.03333333333333333
2 0.697265625 0.8743055555555556 0.01337890625 0.018229166666666668
2 0.87265625 0.8111111111111111 0.0078125 0.030729166666666665
2 0.861328125 0.9486111111111111 0.00693359375 0.03333333333333333
2 0.84453125 0.6777777777777778 0.00947265625 0.019618055555555555
2 0.980078125 0.4423611111111111 0.00849609375 0.025
2 0.362109375 0.7131944444444445 0.0109375 0.018229166666666668
2 0.37890625 0.6916666666666667 0.009375 0.019444444444444445
2 0.64609375 0.1736111111111111 0.01240234375 0.013888888888888888
2 0.900390625 0.4222222222222222 0.009375 0.016493055555555556
2 0.277734375 0.2423611111111111 0.00849609375 0.016666666666666666
2 0.651171875 0.1423611111111111 0.0078125 0.01545138888888889
2 0.654296875 0.22847222222222222 0.01494140625 0.007118055555555555
2 0.167578125 0.18263888888888888 0.00849609375 0.012326388888888888
2 0.765234375 0.6006944444444444 0.00625 0.01545138888888889
2 0.29375 0.15138888888888888 0.00625 0.011284722222222222
3 0.662890625 0.8652777777777778 0.01650390625 0.027777777777777776