2 0.77578125 0.30972222222222223 0.028515625 0.06111111111111111
2 0.398828125 0.6861111111111111 0.0234375 0.07291666666666667
2 0.812890625 0.4840277777777778 0.0265625 0.058333333333333334
2 0.329296875 0.18541666666666667 0.033984375 0.03333333333333333
2 0.429296875 0.6576388888888889 0.032421875 0.03333333333333333
2 0.57578125 0.5138888888888888 0.015234375 0.06875
2 0.19453125 0.25555555555555554 0.025390625 0.03611111111111111
2 0.21875 0.29930555555555555 0.023046875 0.03819444444444445
2 0.439453125 0.6868055555555556 0.019140625 0.04375
2 0.358984375 0.21597222222222223 0.018359375 0.03819444444444445
2 0.60703125 0.6618055555555555 0.013671875 0.04097222222222222
2 0.09453125 0.7951388888888888 0.016015625 0.03333333333333333
2 0.891015625 0.6118055555555556 0.016015625 0.03263888888888889
2 0.344140625 0.4423611111111111 0.016796875 0.025
2 0.133203125 0.1701388888888889 0.015234375 0.027777777777777776
2 0.808203125 0.63125 0.0171875 0.035416666666666666