2 0.7578125 0.7756944444444445 0.04521484375 0.07222222222222222
2 0.684765625 0.3145833333333333 0.03193359375 0.0484375
2 0.637890625 0.3236111111111111 0.02412109375 0.05260416666666667
0 0.46640625 0.09236111111111112 0.02333984375 0.043229166666666666
2 0.5796875 0.3506944444444444 0.01728515625 0.04722222222222222
2 0.50703125 0.2875 0.03125 0.024826388888888887
1 0.427734375 0.9298611111111111 0.0203125 0.034895833333333334
0 0.317578125 0.14791666666666667 0.01630859375 0.03732638888888889
2 0.618359375 0.2881944444444444 0.015625 0.03211805555555555
2 0.51015625 0.31180555555555556 0.01865234375 0.02621527777777778
1 0.5203125 0.9868055555555556 0.0171875 0.0234375
1 0.533203125 0.8381944444444445 0.009375 0.0265625
1 0.371875 0.7409722222222223 0.0109375 0.022222222222222223
1 0.417578125 0.7395833333333334 0.01005859375 0.017881944444444443
2 0.478515625 0.10347222222222222 0.01181640625 0.009895833333333333
1 0.324609375 0.5486111111111112 0.00625 0.011284722222222222
2 0.48046875 0.3104166666666667 0.00634765625 0.009895833333333333
2 0.416796875 0.35208333333333336 0.00537109375 0.009548611111111112