0 0.415234375 0.59375 0.027734375 0.06458333333333334
0 0.990625 0.8097222222222222 0.01875 0.07222222222222222
0 0.131640625 0.5166666666666667 0.016796875 0.041666666666666664
0 0.492578125 0.7340277777777777 0.024609375 0.024305555555555556
2 0.881640625 0.5972222222222222 0.012890625 0.03680555555555556
2 0.958203125 0.5819444444444445 0.015625 0.027777777777777776
2 0.780078125 0.7861111111111111 0.011328125 0.030555555555555555
2 0.012109375 0.3423611111111111 0.0078125 0.025694444444444443
2 0.320703125 0.8270833333333333 0.008984375 0.01875
2 0.176171875 0.24861111111111112 0.008984375 0.01875
2 0.4625 0.09236111111111112 0.008203125 0.01597222222222222
2 0.35390625 0.7611111111111111 0.007421875 0.014583333333333334
2 0.203515625 0.18125 0.007421875 0.013194444444444444
2 0.207421875 0.16458333333333333 0.005859375 0.013888888888888888
2 0.85390625 0.44513888888888886 0.0078125 0.010416666666666666