1 0.623046875 0.8118055555555556 0.02412109375 0.05416666666666667
1 0.787109375 0.8986111111111111 0.02568359375 0.030729166666666665
1 0.373046875 0.48194444444444445 0.02099609375 0.03871527777777778
1 0.6234375 0.6909722222222222 0.0203125 0.029340277777777778
1 0.505078125 0.6868055555555556 0.01943359375 0.03177083333333333
1 0.33984375 0.7604166666666666 0.01259765625 0.043229166666666666
1 0.78125 0.5430555555555555 0.01552734375 0.0359375
1 0.711328125 0.7263888888888889 0.02119140625 0.025
1 0.92265625 0.5152777777777777 0.0173828125 0.027777777777777776
1 0.183984375 0.7833333333333333 0.01484375 0.03298611111111111
1 0.58359375 0.8375 0.0111328125 0.04131944444444444
1 0.665625 0.6027777777777777 0.01708984375 0.025173611111111112
1 0.58125 0.5159722222222223 0.01396484375 0.03177083333333333
1 0.9921875 0.7625 0.015625 0.025173611111111112
1 0.8234375 0.47152777777777777 0.01865234375 0.018229166666666668
1 0.546875 0.5333333333333333 0.00947265625 0.030381944444444444
1 0.53984375 0.5652777777777778 0.01552734375 0.016840277777777777
1 0.52734375 0.74375 0.0076171875 0.03767361111111111
1 0.71796875 0.3104166666666667 0.01728515625 0.015104166666666667
1 0.5203125 0.48055555555555557 0.00615234375 0.027604166666666666
1 0.473828125 0.60625 0.00556640625 0.02638888888888889
1 0.52109375 0.8381944444444445 0.0173828125 0.02065972222222222