0 0.979296875 0.34305555555555556 0.017578125 0.06388888888888888
0 0.633984375 0.9701388888888889 0.026171875 0.04375
0 0.33671875 0.2375 0.023828125 0.041666666666666664
0 0.43203125 0.1798611111111111 0.0171875 0.03958333333333333
0 0.376171875 0.8590277777777777 0.013671875 0.04722222222222222
0 0.849609375 0.3611111111111111 0.014453125 0.04236111111111111
2 0.523828125 0.3173611111111111 0.013671875 0.034027777777777775
0 0.18125 0.9458333333333333 0.016015625 0.027777777777777776
0 0.673828125 0.9215277777777777 0.017578125 0.025
2 0.61328125 0.9604166666666667 0.019140625 0.02013888888888889
0 0.69609375 0.45069444444444445 0.012109375 0.02847222222222222
0 0.81796875 0.4979166666666667 0.009765625 0.021527777777777778
2 0.017578125 0.41041666666666665 0.00625 0.027083333333333334
2 0.810546875 0.5256944444444445 0.00625 0.014583333333333334