0 0.52890625 0.1763888888888889 0.05 0.13350694444444444
0 0.630859375 0.3854166666666667 0.03037109375 0.06822916666666666
3 0.408984375 0.09930555555555555 0.02275390625 0.04722222222222222
3 0.637890625 0.58125 0.02587890625 0.02378472222222222
0 0.255859375 0.11875 0.01337890625 0.04565972222222222
0 0.173828125 0.16805555555555557 0.02431640625 0.041666666666666664
3 0.631640625 0.15902777777777777 0.02275390625 0.044444444444444446
3 0.275 0.9763888888888889 0.01396484375 0.03350694444444444
3 0.756640625 0.24305555555555555 0.02275390625 0.0390625
0 0.871875 0.6590277777777778 0.01103515625 0.03888888888888889
1 0.382421875 0.2652777777777778 0.01181640625 0.05572916666666667
0 0.762109375 0.8951388888888889 0.02275390625 0.03732638888888889
3 0.01171875 0.6993055555555555 0.00947265625 0.03767361111111111
3 0.36875 0.8243055555555555 0.01083984375 0.03177083333333333
1 0.032421875 0.46041666666666664 0.01875 0.03732638888888889
1 0.25625 0.3736111111111111 0.02041015625 0.03350694444444444
3 0.173828125 0.9576388888888889 0.0171875 0.029340277777777778
1 0.179296875 0.9715277777777778 0.00869140625 0.027777777777777776
2 0.4 0.04375 0.01396484375 0.017881944444444443
3 0.249609375 0.45902777777777776 0.01806640625 0.027777777777777776
0 0.1125 0.8479166666666667 0.00927734375 0.025
3 0.33125 0.06458333333333334 0.009375 0.021006944444444446
3 0.38046875 0.21597222222222223 0.00947265625 0.02378472222222222
3 0.085546875 0.4618055555555556 0.00869140625 0.016666666666666666
3 0.299609375 0.07847222222222222 0.01318359375 0.022222222222222223
3 0.0671875 0.5638888888888889 0.0078125 0.016666666666666666
0 0.45703125 0.9854166666666667 0.00791015625 0.01545138888888889
2 0.036328125 0.47152777777777777 0.01181640625 0.021006944444444446
3 0.687109375 0.8652777777777778 0.00849609375 0.013888888888888888
3 0.319921875 0.14027777777777778 0.0078125 0.013888888888888888
3 0.372265625 0.9888888888888889 0.01162109375 0.008159722222222223
2 0.371484375 0.3263888888888889 0.00556640625 0.016493055555555556
3 0.40625 0.30486111111111114 0.00322265625 0.0234375
3 0.030859375 0.49375 0.00625 0.012673611111111111
3 0.059765625 0.56875 0.00849609375 0.009895833333333333
3 0.423046875 0.9715277777777778 0.00712890625 0.009895833333333333
2 0.7796875 0.7791666666666667 0.009375 0.019270833333333334
2 0.367578125 0.32430555555555557 0.0046875 0.012673611111111111
2 0.437109375 0.8409722222222222 0.00537109375 0.008333333333333333
2 0.470703125 0.8423611111111111 0.0046875 0.0067708333333333336
3 0.678515625 0.6430555555555556 0.00380859375 0.008159722222222223
2 0.50078125 0.8743055555555556 0.003125 0.005555555555555556
2 0.440234375 0.9076388888888889 0.003125 0.004340277777777778
2 0.456640625 0.8895833333333333 0.00244140625 0.004340277777777778
3 0.270703125 0.7201388888888889 0.01943359375 0.018229166666666668