0 0.641796875 0.6347222222222222 0.0296875 0.08402777777777778
0 0.6453125 0.2611111111111111 0.023046875 0.059027777777777776
0 0.084765625 0.48680555555555555 0.026171875 0.05
0 0.6125 0.5840277777777778 0.021875 0.04513888888888889
0 0.413671875 0.13680555555555557 0.016015625 0.049305555555555554
0 0.601953125 0.6256944444444444 0.01875 0.041666666666666664
0 0.509765625 0.7729166666666667 0.020703125 0.03680555555555556
0 0.931640625 0.22569444444444445 0.013671875 0.05
0 0.077734375 0.8652777777777778 0.0140625 0.04652777777777778
0 0.5796875 0.8729166666666667 0.023046875 0.027777777777777776
0 0.043359375 0.34097222222222223 0.012890625 0.04652777777777778
0 0.021484375 0.5541666666666667 0.015234375 0.03680555555555556
0 0.969140625 0.17916666666666667 0.015234375 0.03611111111111111
0 0.622265625 0.8611111111111112 0.0171875 0.029861111111111113
0 0.924609375 0.40208333333333335 0.009375 0.04236111111111111
0 0.974609375 0.39166666666666666 0.008984375 0.02847222222222222
0 0.962109375 0.42916666666666664 0.00625 0.019444444444444445