1 0.75546875 0.8777777777777778 0.02822265625 0.058506944444444445
1 0.73359375 0.6493055555555556 0.02041015625 0.0484375
1 0.685546875 0.6090277777777777 0.03193359375 0.03177083333333333
1 0.634765625 0.6305555555555555 0.01962890625 0.04461805555555556
1 0.279296875 0.6840277777777778 0.01806640625 0.04600694444444445
1 0.1578125 0.7958333333333333 0.0220703125 0.0359375
1 0.122265625 0.6972222222222222 0.03037109375 0.025
1 0.366796875 0.8402777777777778 0.01943359375 0.036458333333333336
1 0.733984375 0.60625 0.015625 0.042881944444444445
1 0.5609375 0.7444444444444445 0.01572265625 0.041493055555555554
1 0.582421875 0.8159722222222222 0.01806640625 0.03454861111111111
1 0.358984375 0.9819444444444444 0.01806640625 0.03350694444444444
1 0.598828125 0.8194444444444444 0.02587890625 0.022222222222222223
1 0.216796875 0.7736111111111111 0.01787109375 0.030729166666666665
1 0.436328125 0.65 0.02587890625 0.021875
1 0.57578125 0.7291666666666666 0.01552734375 0.0359375
1 0.099609375 0.7069444444444445 0.01328125 0.0390625
1 0.625 0.7527777777777778 0.0158203125 0.030729166666666665
1 0.201953125 0.6979166666666666 0.01474609375 0.034895833333333334
1 0.361328125 0.6590277777777778 0.01025390625 0.044444444444444446
1 0.59140625 0.7993055555555556 0.02041015625 0.021006944444444446
1 0.669921875 0.58125 0.01005859375 0.042881944444444445
1 0.610546875 0.7736111111111111 0.01171875 0.0359375
1 0.543359375 0.8305555555555556 0.0125 0.03315972222222222
1 0.6921875 0.5041666666666667 0.0109375 0.03611111111111111
1 0.237109375 0.5583333333333333 0.01318359375 0.028125
1 0.5125 0.5263888888888889 0.0140625 0.025173611111111112
1 0.47265625 0.5166666666666667 0.01396484375 0.022222222222222223
1 0.292578125 0.5944444444444444 0.02119140625 0.013888888888888888
1 0.459375 0.9826388888888888 0.0091796875 0.03454861111111111
1 0.2828125 0.55 0.00771484375 0.030381944444444444
1 0.647265625 0.6729166666666667 0.00693359375 0.03177083333333333
1 0.469921875 0.46875 0.01787109375 0.02378472222222222