0 0.3921875 0.9784722222222222 0.0375 0.042881944444444445
3 0.190234375 0.21041666666666667 0.03125 0.03333333333333333
2 0.209765625 0.25763888888888886 0.02099609375 0.03177083333333333
2 0.0765625 0.6354166666666666 0.01572265625 0.030555555555555555
0 0.38671875 0.9916666666666667 0.0265625 0.016666666666666666
2 0.107421875 0.6472222222222223 0.01337890625 0.030555555555555555
2 0.1203125 0.7027777777777777 0.01240234375 0.027777777777777776
3 0.158984375 0.4 0.01181640625 0.025173611111111112
0 0.21875 0.6284722222222222 0.0125 0.02378472222222222
0 0.394921875 0.9611111111111111 0.0125 0.019270833333333334
2 0.087890625 0.7534722222222222 0.009375 0.018229166666666668
2 0.1578125 0.4701388888888889 0.0078125 0.01545138888888889
2 0.2046875 0.37430555555555556 0.00771484375 0.015104166666666667