1 0.40078125 0.6506944444444445 0.09375 0.11388888888888889
1 0.504296875 0.7409722222222223 0.0875 0.0763888888888889
1 0.031640625 0.5034722222222222 0.06328125 0.03333333333333333
1 0.12734375 0.5027777777777778 0.0576171875 0.028125
1 0.075390625 0.5013888888888889 0.04453125 0.025347222222222222
1 0.55390625 0.48194444444444445 0.0375 0.030208333333333334
1 0.2546875 0.4888888888888889 0.0439453125 0.022569444444444444
1 0.2171875 0.4840277777777778 0.0404296875 0.022222222222222223
1 0.084375 0.4791666666666667 0.0466796875 0.019097222222222224
1 0.3296875 0.475 0.0328125 0.022222222222222223
3 0.41640625 0.45902777777777776 0.0142578125 0.03611111111111111
1 0.194921875 0.47708333333333336 0.01640625 0.02638888888888889
1 0.398828125 0.4673611111111111 0.02265625 0.018055555555555554
1 0.4359375 0.48680555555555555 0.0140625 0.02361111111111111
1 0.058984375 0.48194444444444445 0.0234375 0.011111111111111112