3 0.871484375 0.4326388888888889 0.0515625 0.15486111111111112
2 0.848828125 0.9548611111111112 0.034375 0.08958333333333333
3 0.868359375 0.1486111111111111 0.025 0.11597222222222223
3 0.823046875 0.5638888888888889 0.0390625 0.06597222222222222
0 0.469921875 0.6152777777777778 0.026953125 0.07291666666666667
0 0.896484375 0.11597222222222223 0.038671875 0.04652777777777778
2 0.781640625 0.9659722222222222 0.028125 0.04652777777777778
2 0.89140625 0.5965277777777778 0.0171875 0.06736111111111111
3 0.893359375 0.2923611111111111 0.016796875 0.06111111111111111
2 0.866015625 0.8506944444444444 0.030859375 0.03333333333333333
2 0.783203125 0.3888888888888889 0.018359375 0.052083333333333336
3 0.828515625 0.15625 0.026953125 0.03333333333333333
3 0.891015625 0.6895833333333333 0.015625 0.04513888888888889
3 0.8984375 0.40902777777777777 0.017578125 0.03819444444444445
2 0.783203125 0.6590277777777778 0.010546875 0.04722222222222222
2 0.9046875 0.49236111111111114 0.010546875 0.04791666666666667
3 0.925390625 0.1763888888888889 0.009375 0.044444444444444446
2 0.768359375 0.7340277777777777 0.014453125 0.025694444444444443
2 0.966015625 0.19166666666666668 0.012890625 0.027777777777777776
2 0.931640625 0.23333333333333334 0.0109375 0.027777777777777776
2 0.830078125 0.1423611111111111 0.012890625 0.01875