1 0.68203125 0.7888888888888889 0.028515625 0.04097222222222222
1 0.715625 0.6548611111111111 0.025390625 0.04375
1 0.340625 0.9125 0.02578125 0.04097222222222222
1 0.824609375 0.9576388888888889 0.019140625 0.04513888888888889
1 0.71171875 0.7520833333333333 0.02265625 0.035416666666666666
1 0.7046875 0.7576388888888889 0.0203125 0.034027777777777775
1 0.84140625 0.7625 0.027734375 0.024305555555555556
1 0.75390625 0.7847222222222222 0.025 0.027083333333333334
2 0.012109375 0.5569444444444445 0.02109375 0.03194444444444444
1 0.660546875 0.44583333333333336 0.02578125 0.024305555555555556
1 0.608984375 0.4625 0.017578125 0.035416666666666666
1 0.371875 0.4888888888888889 0.01484375 0.03819444444444445
1 0.372265625 0.7402777777777778 0.016796875 0.029861111111111113
1 0.1671875 0.5145833333333333 0.02578125 0.019444444444444445
1 0.38203125 0.6222222222222222 0.01953125 0.025694444444444443
1 0.546875 0.5479166666666667 0.014453125 0.034027777777777775
1 0.68828125 0.8263888888888888 0.011328125 0.04097222222222222
1 0.3015625 0.5076388888888889 0.012109375 0.03680555555555556
1 0.199609375 0.5868055555555556 0.021484375 0.021527777777777778
1 0.70078125 0.4756944444444444 0.01328125 0.03333333333333333
1 0.23515625 0.5159722222222223 0.015625 0.027777777777777776
1 0.56171875 0.5368055555555555 0.015234375 0.02847222222222222
1 0.253515625 0.5694444444444444 0.016796875 0.025694444444444443
1 0.703515625 0.44375 0.0125 0.034027777777777775
1 0.56875 0.6027777777777777 0.01484375 0.027083333333333334
1 0.144921875 0.5222222222222223 0.014453125 0.027777777777777776
1 0.583203125 0.6055555555555555 0.021484375 0.018055555555555554
1 0.45390625 0.7243055555555555 0.01015625 0.03680555555555556
1 0.362109375 0.7659722222222223 0.019921875 0.018055555555555554
1 0.443359375 0.48055555555555557 0.02109375 0.01597222222222222
1 0.577734375 0.5902777777777778 0.019140625 0.017361111111111112
1 0.260546875 0.40694444444444444 0.013671875 0.02361111111111111
1 0.534375 0.6104166666666667 0.012109375 0.025694444444444443
1 0.644140625 0.4222222222222222 0.00859375 0.035416666666666666
1 0.470703125 0.3347222222222222 0.01484375 0.02013888888888889
1 0.602734375 0.5555555555555556 0.0109375 0.027083333333333334
1 0.3015625 0.40694444444444444 0.011328125 0.025694444444444443
1 0.471875 0.37430555555555556 0.0140625 0.02013888888888889
1 0.3109375 0.4409722222222222 0.01796875 0.014583333333333334
1 0.5078125 0.38055555555555554 0.012109375 0.02013888888888889
1 0.669140625 0.3625 0.007421875 0.027777777777777776
1 0.622265625 0.4951388888888889 0.00859375 0.02361111111111111
1 0.59375 0.56875 0.006640625 0.02847222222222222
1 0.640625 0.45069444444444445 0.012890625 0.013194444444444444
1 0.78984375 0.9916666666666667 0.0125 0.016666666666666666