1 0.719140625 0.375 0.03818359375 0.0390625
0 0.76171875 0.7993055555555556 0.02333984375 0.06388888888888888
0 0.812109375 0.19791666666666666 0.021875 0.05
0 0.67734375 0.9034722222222222 0.02333984375 0.04010416666666667
0 0.829296875 0.98125 0.02099609375 0.03611111111111111
0 0.715625 0.4701388888888889 0.01416015625 0.05
0 0.8390625 0.13958333333333334 0.0203125 0.029340277777777778
0 0.16640625 0.7548611111111111 0.0171875 0.03333333333333333
0 0.4046875 0.5319444444444444 0.01875 0.030381944444444444
0 0.735546875 0.6506944444444445 0.02099609375 0.019444444444444445
0 0.784765625 0.3701388888888889 0.01005859375 0.03767361111111111
0 0.87734375 0.29930555555555555 0.01552734375 0.02378472222222222
0 0.31796875 0.6798611111111111 0.00947265625 0.02621527777777778
0 0.819921875 0.6402777777777777 0.01181640625 0.016840277777777777
0 0.919921875 0.5340277777777778 0.009375 0.018229166666666668
0 0.5171875 0.30972222222222223 0.0109375 0.0140625
0 0.400390625 0.9875 0.00849609375 0.019270833333333334
0 0.089453125 0.8395833333333333 0.00693359375 0.017881944444444443
2 0.597265625 0.7694444444444445 0.0046875 0.013888888888888888