1 0.421875 0.40347222222222223 0.078125 0.1597222222222222
0 0.58828125 0.9493055555555555 0.0734375 0.1
0 0.592578125 0.8173611111111111 0.078125 0.08888888888888889
0 0.2140625 0.6118055555555556 0.084375 0.0625
0 0.768359375 0.5125 0.08125 0.058333333333333334
0 0.83828125 0.7298611111111111 0.0515625 0.08611111111111111
1 0.528125 0.23055555555555557 0.0626953125 0.06388888888888888
0 0.6375 0.64375 0.0564453125 0.05416666666666667
0 0.56796875 0.6715277777777777 0.065625 0.04722222222222222
0 0.455078125 0.6694444444444444 0.06328125 0.04722222222222222
0 0.48125 0.47152777777777777 0.0345703125 0.06666666666666667
0 0.166015625 0.6701388888888888 0.0484375 0.04861111111111111
0 0.2515625 0.4930555555555556 0.0501953125 0.044444444444444446
0 0.023828125 0.5694444444444444 0.04765625 0.03923611111111111
0 0.673046875 0.3715277777777778 0.04140625 0.04583333333333333
0 0.62578125 0.7125 0.0296875 0.05243055555555556
0 0.50859375 0.5215277777777778 0.0455078125 0.03333333333333333
0 0.841796875 0.18472222222222223 0.0328125 0.04131944444444444
0 0.98671875 0.3715277777777778 0.025 0.041666666666666664