1 0.50078125 0.6333333333333333 0.07265625 0.044444444444444446
1 0.583203125 0.6305555555555555 0.065625 0.043055555555555555
1 0.59609375 0.5944444444444444 0.071875 0.030555555555555555
1 0.48671875 0.5909722222222222 0.05859375 0.034722222222222224
1 0.39609375 0.5777777777777777 0.0484375 0.041666666666666664
1 0.5875 0.5743055555555555 0.075 0.02638888888888889
1 0.734765625 0.5534722222222223 0.0296875 0.03333333333333333
3 0.369921875 0.5888888888888889 0.02890625 0.03333333333333333
1 0.343359375 0.5375 0.03828125 0.025
1 0.372265625 0.47638888888888886 0.0296875 0.03194444444444444
1 0.11015625 0.5319444444444444 0.03515625 0.02361111111111111
1 0.355078125 0.5416666666666666 0.02578125 0.019444444444444445
1 0.453515625 0.44930555555555557 0.01953125 0.015277777777777777
1 0.467578125 0.4673611111111111 0.0078125 0.008333333333333333
3 0.529296875 0.5909722222222222 0.0390625 0.043055555555555555