3 0.380859375 0.18958333333333333 0.0390625 0.05277777777777778
0 0.4390625 0.60625 0.015234375 0.05277777777777778
2 0.409375 0.6131944444444445 0.019921875 0.03611111111111111
3 0.461328125 0.7298611111111111 0.016015625 0.03819444444444445
2 0.37578125 0.4756944444444444 0.016796875 0.035416666666666666
3 0.401171875 0.47291666666666665 0.0125 0.04375
1 0.416796875 0.7131944444444445 0.016015625 0.02847222222222222
2 0.694921875 0.8381944444444445 0.015234375 0.029861111111111113
3 0.384765625 0.5333333333333333 0.011328125 0.03125
3 0.296875 0.7881944444444444 0.008203125 0.03819444444444445
2 0.247265625 0.30694444444444446 0.0140625 0.02013888888888889
3 0.35703125 0.35347222222222224 0.009765625 0.027777777777777776
3 0.778515625 0.7555555555555555 0.0109375 0.022916666666666665
2 0.39921875 0.65 0.008984375 0.025694444444444443
3 0.349609375 0.4215277777777778 0.0109375 0.019444444444444445
0 0.43125 0.49444444444444446 0.011328125 0.016666666666666666
2 0.264453125 0.1840277777777778 0.010546875 0.01875
3 0.453125 0.6590277777777778 0.009375 0.02013888888888889
3 0.391796875 0.7423611111111111 0.0078125 0.017361111111111112
3 0.41484375 0.21875 0.005078125 0.010416666666666666
0 0.398046875 0.5590277777777778 0.011328125 0.01875