0 0.416796875 0.8618055555555556 0.019140625 0.025
2 0.590234375 0.3333333333333333 0.019921875 0.025
0 0.4390625 0.7548611111111111 0.011328125 0.019444444444444445
2 0.60390625 0.8805555555555555 0.004296875 0.05347222222222222
2 0.778515625 0.7645833333333333 0.012890625 0.011805555555555555
0 0.788671875 0.44375 0.010546875 0.011111111111111112
2 0.603515625 0.7298611111111111 0.00625 0.011111111111111112
2 0.223828125 0.6618055555555555 0.006640625 0.007638888888888889
2 0.812890625 0.7847222222222222 0.003125 0.014583333333333334
2 0.13515625 0.5930555555555556 0.003515625 0.008333333333333333
2 0.726171875 0.28125 0.003125 0.010416666666666666
2 0.7140625 0.2986111111111111 0.003125 0.009027777777777777
2 0.71015625 0.25833333333333336 0.003125 0.007638888888888889
2 0.333203125 0.3402777777777778 0.003125 0.00625
2 0.424609375 0.8909722222222223 0.003125 0.005555555555555556
2 0.336328125 0.37083333333333335 0.002734375 0.00625
2 0.228515625 0.9534722222222223 0.003125 0.005555555555555556
2 0.2078125 0.90625 0.003125 0.005555555555555556
2 0.230078125 0.8993055555555556 0.003125 0.004861111111111111
2 0.623046875 0.3840277777777778 0.002734375 0.00625
2 0.426953125 0.8881944444444444 0.002734375 0.005555555555555556
2 0.423828125 0.9027777777777778 0.001953125 0.005555555555555556
2 0.3453125 0.29375 0.001953125 0.00625
2 0.230859375 0.9631944444444445 0.003125 0.003472222222222222
2 0.723828125 0.3347222222222222 0.001953125 0.004861111111111111
2 0.22421875 0.9826388888888888 0.002734375 0.003472222222222222
2 0.233984375 0.9611111111111111 0.0015625 0.003472222222222222
2 0.82578125 0.5645833333333333 0.001953125 0.002777777777777778
2 0.826171875 0.5618055555555556 0.0015625 0.003472222222222222