1 0.27734375 0.9222222222222223 0.0298828125 0.0720486111111111
1 0.141796875 0.9131944444444444 0.03505859375 0.0265625
1 0.308984375 0.4576388888888889 0.0296875 0.03177083333333333
1 0.175390625 0.9145833333333333 0.028125 0.03211805555555555
1 0.115234375 0.7465277777777778 0.03193359375 0.028993055555555557
1 0.245703125 0.36041666666666666 0.02900390625 0.029166666666666667
1 0.0859375 0.41805555555555557 0.0279296875 0.027604166666666666
1 0.8515625 0.41041666666666665 0.02333984375 0.030555555555555555
1 0.54453125 0.55 0.0169921875 0.041493055555555554
1 0.055078125 0.42083333333333334 0.03369140625 0.019270833333333334
1 0.38984375 0.36944444444444446 0.02041015625 0.030555555555555555
1 0.714453125 0.40069444444444446 0.01943359375 0.03194444444444444
1 0.924609375 0.47291666666666665 0.02412109375 0.02621527777777778
1 0.18828125 0.5680555555555555 0.028125 0.022048611111111113
1 0.312890625 0.5520833333333334 0.02568359375 0.0234375
1 0.223046875 0.4847222222222222 0.02880859375 0.019618055555555555
1 0.1796875 0.5583333333333333 0.02041015625 0.027604166666666666
1 0.425 0.3798611111111111 0.02353515625 0.0234375
1 0.108203125 0.41458333333333336 0.01474609375 0.03732638888888889
1 0.9375 0.2520833333333333 0.02041015625 0.02378472222222222
1 0.119140625 0.41180555555555554 0.01337890625 0.03611111111111111
1 0.24921875 0.5715277777777777 0.01884765625 0.02621527777777778
1 0.32890625 0.4097222222222222 0.0234375 0.019618055555555555
1 0.171875 0.5763888888888888 0.02197265625 0.022048611111111113
1 0.229296875 0.4652777777777778 0.01787109375 0.025173611111111112
1 0.875 0.41944444444444445 0.0251953125 0.016840277777777777
1 0.37265625 0.46111111111111114 0.02353515625 0.019444444444444445
1 0.88125 0.38263888888888886 0.01884765625 0.0234375
1 0.1671875 0.5513888888888889 0.02646484375 0.016666666666666666
1 0.21640625 0.4930555555555556 0.02490234375 0.016840277777777777
1 0.97421875 0.36736111111111114 0.02353515625 0.017881944444444443
1 0.77421875 0.2513888888888889 0.01103515625 0.03315972222222222
1 0.43125 0.375 0.02041015625 0.016840277777777777
1 0.323828125 0.31319444444444444 0.01318359375 0.0265625
1 0.35390625 0.4041666666666667 0.0173828125 0.019097222222222224
1 0.330078125 0.39861111111111114 0.02099609375 0.013888888888888888
1 0.559375 0.29305555555555557 0.0158203125 0.016666666666666666
1 0.71171875 0.25555555555555554 0.02041015625 0.011458333333333333
1 0.096484375 0.45 0.01318359375 0.019618055555555555
1 0.6875 0.2465277777777778 0.009375 0.027777777777777776
1 0.703125 0.2833333333333333 0.009375 0.025173611111111112
1 0.11328125 0.44375 0.01103515625 0.020833333333333332
1 0.66875 0.29583333333333334 0.01083984375 0.019618055555555555
1 0.657421875 0.2916666666666667 0.0078125 0.024826388888888887
1 0.696484375 0.23333333333333334 0.00703125 0.022395833333333334
1 0.69765625 0.2722222222222222 0.0076171875 0.019270833333333334
1 0.029296875 0.4 0.02578125 0.022569444444444444