1 0.6203125 0.8083333333333333 0.0234375 0.05138888888888889
1 0.78359375 0.8916666666666667 0.025 0.03194444444444444
1 0.368359375 0.47638888888888886 0.019140625 0.034027777777777775
1 0.335546875 0.7590277777777777 0.013671875 0.04236111111111111
1 0.501171875 0.6826388888888889 0.0171875 0.03125
1 0.778125 0.5416666666666666 0.014453125 0.03194444444444444
1 0.1796875 0.7777777777777778 0.015234375 0.030555555555555555
1 0.621484375 0.6854166666666667 0.017578125 0.025694444444444443
1 0.709765625 0.7201388888888889 0.02109375 0.02013888888888889
0 0.922265625 0.5104166666666666 0.016796875 0.024305555555555556
1 0.662890625 0.5972222222222222 0.0171875 0.022916666666666665
1 0.578125 0.5104166666666666 0.013671875 0.027083333333333334
1 0.512890625 0.83125 0.01875 0.017361111111111112
1 0.581640625 0.8333333333333334 0.008203125 0.0375
1 0.542578125 0.5291666666666667 0.009375 0.029861111111111113
1 0.819921875 0.4673611111111111 0.017578125 0.014583333333333334
1 0.715625 0.30416666666666664 0.01640625 0.015277777777777777
1 0.524609375 0.7402777777777778 0.006640625 0.03680555555555556
1 0.5359375 0.5604166666666667 0.01484375 0.016666666666666666
1 0.5171875 0.47430555555555554 0.005859375 0.025694444444444443
1 0.4703125 0.6013888888888889 0.00546875 0.025
0 0.8921875 0.1736111111111111 0.010546875 0.0125
1 0.894140625 0.08541666666666667 0.014453125 0.008333333333333333
1 0.991796875 0.7576388888888889 0.01640625 0.024305555555555556