1 0.25078125 0.7527777777777778 0.03759765625 0.04739583333333333
1 0.07734375 0.9208333333333333 0.034375 0.041666666666666664
1 0.55078125 0.9125 0.02197265625 0.0640625
1 0.139453125 0.8041666666666667 0.02412109375 0.04722222222222222
1 0.940234375 0.66875 0.03037109375 0.034722222222222224
1 0.08359375 0.9416666666666667 0.03740234375 0.027604166666666666
1 0.77890625 0.6659722222222222 0.0294921875 0.034722222222222224
1 0.176171875 0.6055555555555555 0.03369140625 0.028125
1 0.059765625 0.9493055555555555 0.02412109375 0.03767361111111111
1 0.015234375 0.6840277777777778 0.01640625 0.0515625
1 0.358984375 0.6166666666666667 0.02265625 0.036284722222222225
1 0.27890625 0.675 0.03134765625 0.027604166666666666
1 0.973828125 0.6840277777777778 0.03193359375 0.0265625
1 0.126953125 0.8104166666666667 0.0203125 0.04010416666666667
1 0.06015625 0.9090277777777778 0.0298828125 0.02638888888888889
1 0.16484375 0.9444444444444444 0.02666015625 0.027430555555555555
1 0.14453125 0.7659722222222223 0.02197265625 0.03194444444444444
1 0.253125 0.9145833333333333 0.03115234375 0.021006944444444446
1 0.39921875 0.6291666666666667 0.03125 0.019791666666666666
1 0.3109375 0.6715277777777777 0.02333984375 0.02638888888888889
1 0.97734375 0.6222222222222222 0.0236328125 0.025
1 0.8359375 0.425 0.01416015625 0.0359375
1 0.3328125 0.7631944444444444 0.02978515625 0.017881944444444443
1 0.27890625 0.6618055555555555 0.02666015625 0.018229166666666668
1 0.406640625 0.6222222222222222 0.02724609375 0.016840277777777777
1 0.007421875 0.7243055555555555 0.01474609375 0.030555555555555555
1 0.700390625 0.48541666666666666 0.01162109375 0.0375
1 0.004296875 0.6854166666666667 0.00859375 0.04722222222222222
1 0.57265625 0.49722222222222223 0.02177734375 0.017013888888888887
1 0.277734375 0.5305555555555556 0.01025390625 0.03315972222222222
1 0.75703125 0.4388888888888889 0.02490234375 0.013888888888888888
1 0.75546875 0.47638888888888886 0.00791015625 0.030555555555555555
1 0.747265625 0.46458333333333335 0.00859375 0.028993055555555557
1 0.7390625 0.4048611111111111 0.0091796875 0.028993055555555557
1 0.7296875 0.4263888888888889 0.00927734375 0.025347222222222222
1 0.707421875 0.4909722222222222 0.00859375 0.0265625
2 0.723828125 0.8534722222222222 0.01181640625 0.012673611111111111