0 0.494921875 0.09513888888888888 0.0375 0.04565972222222222
0 0.63671875 0.3798611111111111 0.02353515625 0.03767361111111111
0 0.46875 0.12986111111111112 0.025 0.03177083333333333
0 0.737890625 0.5020833333333333 0.02412109375 0.051215277777777776
0 0.5234375 0.09652777777777778 0.01884765625 0.034895833333333334
3 0.313671875 0.7034722222222223 0.03037109375 0.03211805555555555
0 0.672265625 0.25972222222222224 0.015625 0.0359375
0 0.488671875 0.16111111111111112 0.0125 0.03350694444444444
0 0.95234375 0.47430555555555554 0.02177734375 0.043229166666666666
3 0.23046875 0.42291666666666666 0.01875 0.03767361111111111
3 0.683203125 0.46597222222222223 0.02900390625 0.042881944444444445
1 0.33046875 0.7013888888888888 0.0234375 0.03611111111111111
3 0.964453125 0.5944444444444444 0.01025390625 0.030555555555555555
0 0.90625 0.225 0.01103515625 0.027777777777777776
3 0.530078125 0.19930555555555557 0.01337890625 0.0234375
2 0.583984375 0.22569444444444445 0.01318359375 0.0234375
3 0.076953125 0.6847222222222222 0.0140625 0.022048611111111113
0 0.987890625 0.8263888888888888 0.00712890625 0.03871527777777778
2 0.560546875 0.1840277777777778 0.01181640625 0.022222222222222223
3 0.49375 0.12777777777777777 0.0125 0.019618055555555555
3 0.544140625 0.08819444444444445 0.0109375 0.0234375
3 0.212890625 0.9277777777777778 0.01005859375 0.024826388888888887
3 0.41953125 0.8131944444444444 0.01865234375 0.0265625
3 0.184765625 0.88125 0.01494140625 0.015104166666666667
2 0.4609375 0.8729166666666667 0.01240234375 0.017881944444444443
2 0.655859375 0.19375 0.0109375 0.018229166666666668
3 0.8765625 0.3076388888888889 0.0109375 0.018229166666666668
2 0.437109375 0.8763888888888889 0.01318359375 0.0140625
3 0.93125 0.5208333333333334 0.00478515625 0.036284722222222225
3 0.219921875 0.9270833333333334 0.01005859375 0.018229166666666668
3 0.072265625 0.5354166666666667 0.00849609375 0.022222222222222223
2 0.66328125 0.21666666666666667 0.02802734375 0.041840277777777775
3 0.458984375 0.8048611111111111 0.01337890625 0.02378472222222222
3 0.920703125 0.4895833333333333 0.0078125 0.02065972222222222
3 0.973046875 0.9118055555555555 0.01337890625 0.025
0 0.328515625 0.9090277777777778 0.0125 0.0234375
2 0.6765625 0.4875 0.0078125 0.016493055555555556
3 0.627734375 0.9194444444444444 0.00869140625 0.0140625
3 0.0046875 0.44027777777777777 0.00458984375 0.027777777777777776
2 0.312890625 0.8631944444444445 0.00712890625 0.01545138888888889
3 0.636328125 0.24513888888888888 0.009375 0.012326388888888888
2 0.629296875 0.19236111111111112 0.01787109375 0.03177083333333333
3 0.937890625 0.5229166666666667 0.00625 0.016666666666666666
2 0.230859375 0.7916666666666666 0.01162109375 0.022395833333333334
3 0.005078125 0.8645833333333334 0.00556640625 0.015104166666666667
2 0.914453125 0.8340277777777778 0.01494140625 0.0265625
3 0.948828125 0.6034722222222222 0.00556640625 0.013888888888888888
3 0.562890625 0.80625 0.00556640625 0.011111111111111112
3 0.441796875 0.7083333333333334 0.00712890625 0.008333333333333333
3 0.868359375 0.3506944444444444 0.00869140625 0.01545138888888889
3 0.572265625 0.7569444444444444 0.00400390625 0.013888888888888888
3 0.203515625 0.9576388888888889 0.00693359375 0.009548611111111112
3 0.04296875 0.7951388888888888 0.00458984375 0.013888888888888888
2 0.358984375 0.9506944444444444 0.01162109375 0.019444444444444445
2 0.71015625 0.32430555555555557 0.00791015625 0.015104166666666667
2 0.747265625 0.21875 0.00849609375 0.012673611111111111
2 0.683203125 0.20833333333333334 0.00380859375 0.008333333333333333
3 0.666796875 0.44583333333333336 0.00400390625 0.008506944444444444