1 0.27734375 0.9222222222222223 0.03046875 0.07152777777777777
1 0.141796875 0.9131944444444444 0.034765625 0.027083333333333334
1 0.308984375 0.4576388888888889 0.0296875 0.03125
1 0.175390625 0.9145833333333333 0.028125 0.03263888888888889
1 0.115234375 0.7465277777777778 0.031640625 0.02847222222222222
1 0.245703125 0.36041666666666666 0.029296875 0.029166666666666667
1 0.0859375 0.41805555555555557 0.02734375 0.027083333333333334
1 0.8515625 0.41041666666666665 0.023046875 0.030555555555555555
1 0.54453125 0.55 0.01640625 0.04097222222222222
1 0.055078125 0.42083333333333334 0.033984375 0.01875
1 0.38984375 0.36944444444444446 0.020703125 0.030555555555555555
1 0.714453125 0.40069444444444446 0.019140625 0.03194444444444444
1 0.924609375 0.47291666666666665 0.023828125 0.025694444444444443
1 0.18828125 0.5680555555555555 0.028125 0.021527777777777778
1 0.312890625 0.5520833333333334 0.025390625 0.022916666666666665
1 0.223046875 0.4847222222222222 0.028515625 0.02013888888888889
1 0.1796875 0.5583333333333333 0.020703125 0.027083333333333334
1 0.425 0.3798611111111111 0.023828125 0.022916666666666665
1 0.108203125 0.41458333333333336 0.014453125 0.03680555555555556
1 0.9375 0.2520833333333333 0.020703125 0.024305555555555556
1 0.119140625 0.41180555555555554 0.013671875 0.03611111111111111
1 0.24921875 0.5715277777777777 0.019140625 0.025694444444444443
1 0.32890625 0.4097222222222222 0.0234375 0.02013888888888889
1 0.171875 0.5763888888888888 0.022265625 0.021527777777777778
1 0.229296875 0.4652777777777778 0.017578125 0.025694444444444443
1 0.875 0.41944444444444445 0.02578125 0.017361111111111112
1 0.37265625 0.46111111111111114 0.023828125 0.019444444444444445
1 0.88125 0.38263888888888886 0.019140625 0.022916666666666665
1 0.1671875 0.5513888888888889 0.026171875 0.016666666666666666
1 0.21640625 0.4930555555555556 0.024609375 0.017361111111111112
1 0.97421875 0.36736111111111114 0.023828125 0.017361111111111112
1 0.77421875 0.2513888888888889 0.011328125 0.03263888888888889
1 0.43125 0.375 0.020703125 0.017361111111111112
1 0.323828125 0.31319444444444444 0.012890625 0.027083333333333334
1 0.35390625 0.4041666666666667 0.01796875 0.018055555555555554
1 0.330078125 0.39861111111111114 0.020703125 0.013888888888888888
1 0.559375 0.29305555555555557 0.01640625 0.016666666666666666
1 0.71171875 0.25555555555555554 0.020703125 0.0125
1 0.096484375 0.45 0.012890625 0.02013888888888889
1 0.6875 0.2465277777777778 0.009375 0.027777777777777776
1 0.703125 0.2833333333333333 0.009375 0.025694444444444443
1 0.11328125 0.44375 0.011328125 0.020833333333333332
1 0.66875 0.29583333333333334 0.010546875 0.02013888888888889
1 0.657421875 0.2916666666666667 0.0078125 0.024305555555555556
1 0.696484375 0.23333333333333334 0.00703125 0.022916666666666665
1 0.69765625 0.2722222222222222 0.00703125 0.01875
1 0.029296875 0.4 0.02578125 0.02361111111111111