1 0.144140625 0.7131944444444445 0.08671875 0.06111111111111111
1 0.10546875 0.5076388888888889 0.021875 0.013888888888888888
1 0.58125 0.48819444444444443 0.021875 0.0125
1 0.58671875 0.47638888888888886 0.015625 0.009722222222222222
1 0.503125 0.4722222222222222 0.01484375 0.011111111111111112
1 0.520703125 0.4736111111111111 0.01328125 0.011111111111111112
1 0.70390625 0.4673611111111111 0.015625 0.009722222222222222
1 0.565234375 0.4756944444444444 0.01328125 0.009722222222222222
1 0.627734375 0.46875 0.01328125 0.006944444444444444
1 0.594921875 0.4583333333333333 0.009375 0.006944444444444444
1 0.545703125 0.48333333333333334 0.00625 0.006944444444444444