3 0.691796875 0.6333333333333333 0.02744140625 0.06684027777777778
2 0.8140625 0.9027777777777778 0.02490234375 0.05555555555555555
2 0.7421875 0.9597222222222223 0.03447265625 0.03350694444444444
2 0.13125 0.3736111111111111 0.01875 0.05
2 0.608203125 0.4097222222222222 0.02119140625 0.030555555555555555
2 0.116796875 0.5958333333333333 0.009375 0.044444444444444446
2 0.1046875 0.5993055555555555 0.0109375 0.03611111111111111
2 0.456640625 0.5104166666666666 0.0140625 0.022222222222222223
2 0.731640625 0.8236111111111111 0.01025390625 0.030381944444444444
2 0.38125 0.9326388888888889 0.01103515625 0.0234375
2 0.036328125 0.4340277777777778 0.01162109375 0.02065972222222222
2 0.726953125 0.7409722222222223 0.0109375 0.021006944444444446
2 0.68671875 0.6125 0.00771484375 0.016666666666666666
2 0.79140625 0.8201388888888889 0.0078125 0.013888888888888888
0 0.035546875 0.2826388888888889 0.01630859375 0.04565972222222222