0 0.911328125 0.8673611111111111 0.0359375 0.11788194444444444
0 0.180859375 0.14583333333333334 0.03818359375 0.06649305555555556
2 0.366796875 0.12916666666666668 0.02568359375 0.06649305555555556
0 0.57265625 0.8736111111111111 0.02197265625 0.04704861111111111
2 0.828515625 0.4861111111111111 0.0171875 0.036284722222222225
0 0.058984375 0.31875 0.01337890625 0.044444444444444446
2 0.824609375 0.66875 0.01025390625 0.022222222222222223
2 0.869921875 0.9513888888888888 0.01181640625 0.019444444444444445
2 0.688671875 0.9881944444444445 0.01162109375 0.018229166666666668
2 0.784765625 0.5513888888888889 0.009375 0.022048611111111113
1 0.405078125 0.8590277777777777 0.01494140625 0.012673611111111111
2 0.048828125 0.14027777777777778 0.00625 0.027777777777777776
2 0.787890625 0.9701388888888889 0.009375 0.018229166666666668
1 0.25078125 0.5361111111111111 0.0078125 0.022222222222222223
2 0.8484375 0.33055555555555555 0.01103515625 0.0140625
2 0.85 0.975 0.00947265625 0.016493055555555556
2 0.80546875 0.53125 0.00927734375 0.01545138888888889
2 0.203125 0.3951388888888889 0.00615234375 0.018229166666666668
2 0.387109375 0.9944444444444445 0.01005859375 0.0109375
2 0.194921875 0.2798611111111111 0.00712890625 0.011111111111111112
2 0.433203125 0.9215277777777777 0.00556640625 0.009548611111111112
2 0.575390625 0.9895833333333334 0.00693359375 0.007118055555555555
2 0.05546875 0.16180555555555556 0.00458984375 0.011111111111111112