2 0.190234375 0.5118055555555555 0.01806640625 0.06788194444444444
2 0.080078125 0.27569444444444446 0.02119140625 0.05
2 0.865234375 0.45555555555555555 0.01650390625 0.04461805555555556
2 0.830859375 0.3548611111111111 0.01875 0.03767361111111111
2 0.126171875 0.41875 0.0140625 0.03888888888888889
2 0.103515625 0.45416666666666666 0.02119140625 0.022222222222222223
2 0.72265625 0.6743055555555556 0.01572265625 0.028993055555555557
2 0.115234375 0.9347222222222222 0.01181640625 0.03611111111111111
2 0.935546875 0.93125 0.01025390625 0.030555555555555555
2 0.124609375 0.9083333333333333 0.0140625 0.019270833333333334
2 0.816015625 0.4173611111111111 0.0125 0.021006944444444446
2 0.120703125 0.8659722222222223 0.01494140625 0.01545138888888889
2 0.425390625 0.058333333333333334 0.01025390625 0.019270833333333334
2 0.98828125 0.4 0.00634765625 0.02795138888888889
2 0.938671875 0.9611111111111111 0.01181640625 0.011284722222222222