2 0.53671875 0.9604166666666667 0.03115234375 0.04010416666666667
2 0.155859375 0.30069444444444443 0.01875 0.05
2 0.273828125 0.7270833333333333 0.01943359375 0.043229166666666666
2 0.478515625 0.41944444444444445 0.01650390625 0.03871527777777778
2 0.9546875 0.5243055555555556 0.01416015625 0.03333333333333333
2 0.491015625 0.71875 0.02431640625 0.01545138888888889
2 0.206640625 0.6659722222222222 0.0109375 0.029340277777777778
2 0.47890625 0.20208333333333334 0.01396484375 0.021006944444444446
2 0.270703125 0.7604166666666666 0.01181640625 0.019444444444444445
2 0.4671875 0.6715277777777777 0.0078125 0.02621527777777778
2 0.93125 0.33819444444444446 0.00771484375 0.02378472222222222
2 0.21015625 0.4826388888888889 0.00927734375 0.02065972222222222
2 0.229296875 0.3625 0.00869140625 0.016840277777777777
2 0.276953125 0.6618055555555555 0.01025390625 0.013888888888888888
2 0.416015625 0.36319444444444443 0.0078125 0.008333333333333333
2 0.28125 0.6166666666666667 0.00771484375 0.030381944444444444