0 0.56796875 0.41458333333333336 0.034375 0.0734375
2 0.4671875 0.5520833333333334 0.04208984375 0.05677083333333333
2 0.6140625 0.6277777777777778 0.0359375 0.04722222222222222
2 0.783984375 0.5180555555555556 0.0234375 0.0609375
2 0.446484375 0.19375 0.02255859375 0.04600694444444445
2 0.080859375 0.5506944444444445 0.01474609375 0.07065972222222222
2 0.60390625 0.2875 0.015625 0.058159722222222224
2 0.144140625 0.5270833333333333 0.02568359375 0.03211805555555555
2 0.5421875 0.28958333333333336 0.01875 0.04045138888888889
2 0.772265625 0.7743055555555556 0.01474609375 0.04600694444444445
2 0.227734375 0.3368055555555556 0.01787109375 0.034895833333333334
2 0.480078125 0.12430555555555556 0.01494140625 0.03767361111111111
2 0.08359375 0.8277777777777777 0.0125 0.03611111111111111
2 0.49296875 0.37430555555555556 0.01103515625 0.02621527777777778
2 0.695703125 0.4409722222222222 0.0125 0.0234375
2 0.5296875 0.34097222222222223 0.01259765625 0.021006944444444446
2 0.433984375 0.32708333333333334 0.0171875 0.0234375