0 0.541796875 0.7909722222222222 0.03212890625 0.04010416666666667
0 0.267578125 0.31666666666666665 0.0171875 0.04982638888888889
2 0.453125 0.4965277777777778 0.02197265625 0.03611111111111111
0 0.35390625 0.15763888888888888 0.01572265625 0.03767361111111111
0 0.563671875 0.3840277777777778 0.0140625 0.03767361111111111
3 0.39296875 0.31805555555555554 0.01708984375 0.030555555555555555
0 0.937890625 0.6923611111111111 0.0109375 0.042881944444444445
2 0.47421875 0.7423611111111111 0.01708984375 0.019444444444444445
0 0.6609375 0.8680555555555556 0.01103515625 0.027604166666666666
2 0.48125 0.6798611111111111 0.01259765625 0.01545138888888889
0 0.92265625 0.8743055555555556 0.0078125 0.02378472222222222
0 0.937890625 0.9131944444444444 0.00849609375 0.0234375
2 0.54609375 0.8548611111111111 0.015625 0.011111111111111112
2 0.193359375 0.3375 0.00869140625 0.019270833333333334
3 0.479296875 0.7923611111111111 0.00693359375 0.022222222222222223
2 0.491015625 0.6895833333333333 0.00869140625 0.01545138888888889
2 0.135546875 0.525 0.0078125 0.016840277777777777