2 0.625 0.3729166666666667 0.03125 0.06041666666666667
2 0.34609375 0.5305555555555556 0.0359375 0.050694444444444445
2 0.64921875 0.2881944444444444 0.032421875 0.04652777777777778
0 0.14609375 0.9298611111111111 0.023046875 0.06180555555555556
2 0.221875 0.9729166666666667 0.025390625 0.05347222222222222
2 0.333984375 0.4395833333333333 0.025390625 0.04652777777777778
2 0.169921875 0.44027777777777777 0.032421875 0.034027777777777775
2 0.011328125 0.9472222222222222 0.021875 0.044444444444444446
2 0.84140625 0.3993055555555556 0.0203125 0.04513888888888889
2 0.30703125 0.1625 0.026171875 0.03263888888888889
2 0.171484375 0.6645833333333333 0.023046875 0.027777777777777776
0 0.2390625 0.7326388888888888 0.016015625 0.03888888888888889
2 0.529296875 0.74375 0.019140625 0.022222222222222223
2 0.6265625 0.22847222222222222 0.012890625 0.029861111111111113
2 0.11171875 0.3423611111111111 0.012890625 0.027083333333333334
2 0.59609375 0.10416666666666667 0.012109375 0.02847222222222222
2 0.273046875 0.73125 0.016015625 0.01875
0 0.253515625 0.7701388888888889 0.011328125 0.024305555555555556
2 0.646875 0.5881944444444445 0.013671875 0.02013888888888889
2 0.9609375 0.6451388888888889 0.009375 0.01597222222222222
2 0.58203125 0.6340277777777777 0.011328125 0.013194444444444444