2 0.27109375 0.6770833333333334 0.056640625 0.09513888888888888
0 0.3015625 0.5854166666666667 0.033984375 0.049305555555555554
0 0.583203125 0.15 0.030859375 0.05277777777777778
2 0.919140625 0.64375 0.025390625 0.06319444444444444
2 0.7953125 0.42291666666666666 0.028515625 0.049305555555555554
2 0.51640625 0.25763888888888886 0.028125 0.029861111111111113
2 0.4890625 0.27569444444444446 0.025 0.029861111111111113
2 0.549609375 0.6381944444444444 0.021484375 0.03263888888888889
2 0.516796875 0.40208333333333335 0.0171875 0.03888888888888889
2 0.565625 0.16805555555555557 0.0140625 0.04652777777777778
2 0.275390625 0.19652777777777777 0.0203125 0.030555555555555555
2 0.727734375 0.5993055555555555 0.016015625 0.027777777777777776
2 0.710546875 0.19166666666666668 0.015234375 0.027083333333333334
2 0.343359375 0.2076388888888889 0.016015625 0.025
2 0.629296875 0.5631944444444444 0.013671875 0.021527777777777778
2 0.328515625 0.21041666666666667 0.014453125 0.019444444444444445
2 0.308203125 0.525 0.0125 0.02013888888888889