1 0.68046875 0.5819444444444445 0.02802734375 0.03871527777777778
2 0.655859375 0.6875 0.02587890625 0.03611111111111111
1 0.740234375 0.8520833333333333 0.02255859375 0.03732638888888889
1 0.028125 0.4895833333333333 0.02177734375 0.03454861111111111
1 0.794140625 0.6701388888888888 0.0234375 0.03177083333333333
1 0.710546875 0.6861111111111111 0.02412109375 0.030381944444444444
1 0.318359375 0.4270833333333333 0.01630859375 0.041666666666666664
0 0.3390625 0.8090277777777778 0.0251953125 0.02621527777777778
1 0.656640625 0.7194444444444444 0.0234375 0.027430555555555555
1 0.77578125 0.8298611111111112 0.0138671875 0.043229166666666666
1 0.676171875 0.6604166666666667 0.025 0.021006944444444446
1 0.6421875 0.39305555555555555 0.0251953125 0.019444444444444445
1 0.43671875 0.6263888888888889 0.0203125 0.024826388888888887
1 0.521875 0.4791666666666667 0.01396484375 0.0359375
1 0.672265625 0.66875 0.02119140625 0.021006944444444446
1 0.230859375 0.34305555555555556 0.02099609375 0.022222222222222223
1 0.6765625 0.3861111111111111 0.01259765625 0.03333333333333333
0 0.153125 0.45902777777777776 0.01708984375 0.02621527777777778
0 0.17578125 0.4513888888888889 0.02490234375 0.016840277777777777
1 0.5625 0.5326388888888889 0.0216796875 0.02065972222222222
1 0.37734375 0.5347222222222222 0.01884765625 0.022048611111111113
1 0.237890625 0.4513888888888889 0.01875 0.022048611111111113
1 0.579296875 0.39861111111111114 0.01318359375 0.030729166666666665
1 0.2765625 0.39305555555555555 0.01865234375 0.022048611111111113
1 0.762890625 0.8826388888888889 0.00869140625 0.042881944444444445
1 0.540234375 0.46597222222222223 0.01787109375 0.021006944444444446
1 0.206640625 0.5104166666666666 0.0203125 0.017881944444444443
1 0.618359375 0.36180555555555555 0.01162109375 0.03177083333333333
1 0.355859375 0.6694444444444444 0.01875 0.016840277777777777
1 0.673046875 0.42083333333333334 0.01005859375 0.03315972222222222
1 0.277734375 0.3736111111111111 0.01953125 0.016493055555555556
1 0.569921875 0.49722222222222223 0.01328125 0.022569444444444444
1 0.241015625 0.3548611111111111 0.0125 0.02378472222222222
1 0.258203125 0.49375 0.015625 0.018229166666666668
1 0.55 0.5263888888888889 0.0109375 0.027604166666666666
1 0.35703125 0.65 0.01103515625 0.025173611111111112
1 0.559375 0.5152777777777777 0.01865234375 0.016493055555555556
1 0.51796875 0.5263888888888889 0.01552734375 0.016666666666666666
1 0.49140625 0.33055555555555555 0.0140625 0.016840277777777777
1 0.45546875 0.28194444444444444 0.01240234375 0.019618055555555555
1 0.6453125 0.3145833333333333 0.00791015625 0.02621527777777778
1 0.57578125 0.48541666666666666 0.0078125 0.025
1 0.619140625 0.3902777777777778 0.01015625 0.01423611111111111
1 0.595703125 0.43194444444444446 0.00693359375 0.022395833333333334
1 0.45234375 0.32708333333333334 0.00615234375 0.0234375
0 0.437109375 0.4222222222222222 0.01787109375 0.016840277777777777