0 0.86640625 0.8270833333333333 0.01865234375 0.06111111111111111
3 0.882421875 0.39444444444444443 0.01337890625 0.04982638888888889
1 0.323046875 0.2743055555555556 0.03125 0.043229166666666666
2 0.3734375 0.36736111111111114 0.01552734375 0.029340277777777778
3 0.865234375 0.25763888888888886 0.01162109375 0.03211805555555555
2 0.355859375 0.8145833333333333 0.02099609375 0.04600694444444445
2 0.088671875 0.6590277777777778 0.0171875 0.030555555555555555
2 0.322265625 0.19166666666666668 0.01318359375 0.019270833333333334
2 0.60625 0.9256944444444445 0.01083984375 0.02065972222222222
3 0.79453125 0.36180555555555555 0.01396484375 0.0265625
2 0.145703125 0.5666666666666667 0.0078125 0.022222222222222223
3 0.087109375 0.5340277777777778 0.01005859375 0.016666666666666666
3 0.907421875 0.7902777777777777 0.00869140625 0.019270833333333334
1 0.376953125 0.9930555555555556 0.01162109375 0.013888888888888888
3 0.958203125 0.6840277777777778 0.01181640625 0.027777777777777776
3 0.774609375 0.3819444444444444 0.00712890625 0.016840277777777777
2 0.534765625 0.8951388888888889 0.00537109375 0.022222222222222223
3 0.941015625 0.81875 0.00712890625 0.015104166666666667
3 0.984765625 0.6881944444444444 0.00537109375 0.02065972222222222
2 0.503515625 0.9236111111111112 0.00693359375 0.0140625
3 0.06171875 0.7034722222222223 0.00615234375 0.016666666666666666
2 0.066796875 0.45208333333333334 0.003125 0.03211805555555555
3 0.89609375 0.7902777777777777 0.00478515625 0.016840277777777777
3 0.003125 0.6701388888888888 0.00625 0.012673611111111111
3 0.055078125 0.6819444444444445 0.00625 0.013888888888888888
3 0.91875 0.7916666666666666 0.0046875 0.016666666666666666
3 0.775390625 0.29444444444444445 0.00556640625 0.013715277777777778
3 0.473046875 0.34930555555555554 0.00625 0.009895833333333333
3 0.090234375 0.7333333333333333 0.00712890625 0.016666666666666666
3 0.84921875 0.8229166666666666 0.00322265625 0.01545138888888889
2 0.201953125 0.36319444444444443 0.01025390625 0.017881944444444443
3 0.025 0.6854166666666667 0.0046875 0.009895833333333333
2 0.044140625 0.4166666666666667 0.00712890625 0.0140625
2 0.857421875 0.39652777777777776 0.0078125 0.015104166666666667
3 0.986328125 0.675 0.003125 0.013715277777777778
3 0.31875 0.4513888888888889 0.00302734375 0.013888888888888888
3 0.901953125 0.8020833333333334 0.003125 0.011111111111111112
3 0.982421875 0.6520833333333333 0.00224609375 0.017881944444444443
2 0.547265625 0.8298611111111112 0.00537109375 0.0067708333333333336
3 0.040234375 0.7291666666666666 0.00400390625 0.008159722222222223
3 0.978125 0.7305555555555555 0.00615234375 0.013715277777777778
3 0.083203125 0.6743055555555556 0.003125 0.008333333333333333
3 0.96953125 0.6569444444444444 0.00166015625 0.005729166666666666
3 0.085546875 0.7298611111111111 0.00224609375 0.005555555555555556