3 0.446875 0.9520833333333333 0.05625 0.04513888888888889
3 0.589453125 0.975 0.03203125 0.05
3 0.399609375 0.9479166666666666 0.037890625 0.034027777777777775
3 0.36953125 0.6381944444444444 0.026171875 0.04652777777777778
0 0.331640625 0.41875 0.0203125 0.04513888888888889
0 0.441015625 0.5583333333333333 0.0171875 0.05
0 0.29765625 0.89375 0.016015625 0.041666666666666664
0 0.698046875 0.22430555555555556 0.017578125 0.03680555555555556
0 0.3984375 0.9666666666666667 0.021875 0.025694444444444443
0 0.444921875 0.64375 0.016015625 0.02847222222222222
2 0.6203125 0.9027777777777778 0.0140625 0.03125
2 0.5953125 0.24930555555555556 0.015234375 0.02847222222222222
3 0.48359375 0.9381944444444444 0.015234375 0.027083333333333334
0 0.55703125 0.81875 0.011328125 0.02847222222222222
0 0.235546875 0.3798611111111111 0.015625 0.02013888888888889
3 0.4203125 0.8569444444444444 0.012890625 0.019444444444444445
0 0.626953125 0.6986111111111111 0.0109375 0.027777777777777776
2 0.540234375 0.8354166666666667 0.008984375 0.03125
2 0.475390625 0.9493055555555555 0.008984375 0.013194444444444444