1 0.74453125 0.5458333333333333 0.0734375 0.041666666666666664
1 0.6515625 0.50625 0.0376953125 0.02638888888888889
1 0.1578125 0.4798611111111111 0.0435546875 0.02361111111111111
1 0.010546875 0.51875 0.02109375 0.041666666666666664
1 0.25703125 0.4979166666666667 0.0265625 0.02638888888888889
1 0.669140625 0.46805555555555556 0.02421875 0.024652777777777777
1 0.36953125 0.5201388888888889 0.0169921875 0.03194444444444444
1 0.337890625 0.4597222222222222 0.0234375 0.019791666666666666
1 0.201953125 0.43472222222222223 0.0296875 0.01423611111111111
1 0.798046875 0.4513888888888889 0.02109375 0.019791666666666666
1 0.080078125 0.4722222222222222 0.01328125 0.025
1 0.248046875 0.44027777777777777 0.0125 0.019097222222222224
1 0.2296875 0.4215277777777778 0.0185546875 0.0125
1 0.37734375 0.44305555555555554 0.0138671875 0.013888888888888888
1 0.49609375 0.43819444444444444 0.0138671875 0.008333333333333333
1 0.41015625 0.4361111111111111 0.0205078125 0.016319444444444445