2 0.7015625 0.6604166666666667 0.028515625 0.06458333333333334
2 0.468359375 0.9548611111111112 0.023046875 0.04722222222222222
2 0.271484375 0.41458333333333336 0.022265625 0.049305555555555554
2 0.222265625 0.4909722222222222 0.021875 0.049305555555555554
2 0.344140625 0.8583333333333333 0.0234375 0.04513888888888889
2 0.851171875 0.25555555555555554 0.018359375 0.05277777777777778
2 0.322265625 0.35694444444444445 0.017578125 0.05
2 0.7203125 0.5444444444444444 0.0265625 0.03125
2 0.04609375 0.3736111111111111 0.0125 0.06736111111111111
2 0.73125 0.03263888888888889 0.021875 0.03333333333333333
2 0.6953125 0.17222222222222222 0.019921875 0.034027777777777775
2 0.130859375 0.7951388888888888 0.012890625 0.052083333333333336
2 0.7703125 0.4326388888888889 0.027734375 0.022222222222222223
2 0.169921875 0.0875 0.012109375 0.04791666666666667
2 0.765234375 0.51875 0.016796875 0.035416666666666666
2 0.826953125 0.48680555555555555 0.020703125 0.027083333333333334
2 0.895703125 0.5118055555555555 0.019140625 0.027777777777777776
2 0.223828125 0.06111111111111111 0.0203125 0.025
2 0.841796875 0.5583333333333333 0.0109375 0.044444444444444446
2 0.031640625 0.3736111111111111 0.009765625 0.030555555555555555
2 0.5953125 0.05763888888888889 0.012109375 0.022916666666666665
2 0.05859375 0.6881944444444444 0.009375 0.022916666666666665
2 0.09765625 0.8104166666666667 0.010546875 0.02013888888888889
2 0.286328125 0.3951388888888889 0.0078125 0.017361111111111112
2 0.92734375 0.28402777777777777 0.008203125 0.01597222222222222
2 0.15078125 0.7375 0.0078125 0.011805555555555555