1 0.109375 0.15763888888888888 0.02333984375 0.042881944444444445
1 0.6484375 0.6909722222222222 0.02509765625 0.03611111111111111
1 0.731640625 0.8465277777777778 0.02412109375 0.03211805555555555
1 0.023828125 0.49236111111111114 0.02255859375 0.027777777777777776
1 0.783984375 0.6722222222222223 0.01962890625 0.028125
1 0.048046875 0.15 0.03203125 0.016840277777777777
1 0.700390625 0.6888888888888889 0.01943359375 0.027777777777777776
0 0.33203125 0.8159722222222222 0.02353515625 0.021006944444444446
1 0.637109375 0.3951388888888889 0.02568359375 0.017881944444444443
1 0.43046875 0.6291666666666667 0.01884765625 0.022395833333333334
1 0.666796875 0.6645833333333333 0.02412109375 0.017881944444444443
1 0.5734375 0.4 0.0154296875 0.02795138888888889
1 0.65 0.7222222222222222 0.02197265625 0.019270833333333334
1 0.23359375 0.4548611111111111 0.01865234375 0.0234375
1 0.137890625 0.2520833333333333 0.01337890625 0.029340277777777778
1 0.669921875 0.3875 0.01181640625 0.03315972222222222
1 0.5140625 0.48125 0.0126953125 0.029340277777777778
1 0.149609375 0.4597222222222222 0.01630859375 0.024652777777777777
1 0.171484375 0.45416666666666666 0.02275390625 0.016493055555555556
1 0.55703125 0.5361111111111111 0.0173828125 0.019618055555555555
1 0.75546875 0.8833333333333333 0.0080078125 0.041840277777777775
1 0.534765625 0.4673611111111111 0.01787109375 0.02065972222222222
1 0.373046875 0.5347222222222222 0.01494140625 0.022395833333333334
1 0.666015625 0.42291666666666666 0.01025390625 0.030555555555555555
1 0.08984375 0.19166666666666668 0.01552734375 0.021875
1 0.253125 0.4951388888888889 0.01572265625 0.02065972222222222
1 0.6640625 0.6736111111111112 0.02021484375 0.016493055555555556
1 0.76640625 0.8319444444444445 0.00791015625 0.03871527777777778
1 0.5625 0.49930555555555556 0.0140625 0.022222222222222223
1 0.61171875 0.3625 0.01083984375 0.030381944444444444
1 0.202734375 0.5111111111111111 0.01962890625 0.0140625
1 0.433203125 0.425 0.01484375 0.016319444444444445
1 0.12109375 0.22569444444444445 0.01572265625 0.013888888888888888
1 0.543359375 0.5284722222222222 0.00859375 0.02638888888888889
1 0.5125 0.5277777777777778 0.01416015625 0.016319444444444445
1 0.349609375 0.6506944444444445 0.00712890625 0.029340277777777778
1 0.350390625 0.6694444444444444 0.01787109375 0.011284722222222222
1 0.485546875 0.33402777777777776 0.01318359375 0.01545138888888889
1 0.63828125 0.3159722222222222 0.00927734375 0.0234375
1 0.569140625 0.48680555555555555 0.00859375 0.02361111111111111
1 0.449609375 0.2826388888888889 0.01025390625 0.018229166666666668
1 0.555078125 0.5180555555555556 0.01494140625 0.013541666666666667
1 0.6140625 0.3909722222222222 0.00947265625 0.013888888888888888
1 0.589453125 0.4326388888888889 0.00625 0.020833333333333332
1 0.444921875 0.33055555555555555 0.00546875 0.022048611111111113
1 0.670703125 0.5861111111111111 0.02431640625 0.0359375