3 0.666015625 0.8277777777777777 0.09375 0.09149305555555555
3 0.253515625 0.4340277777777778 0.03125 0.1
3 0.707421875 0.6215277777777778 0.03193359375 0.05399305555555556
2 0.543359375 0.93125 0.03193359375 0.042881944444444445
2 0.280078125 0.5868055555555556 0.021875 0.03454861111111111
2 0.2828125 0.65625 0.01865234375 0.04010416666666667
2 0.64296875 0.9555555555555556 0.01884765625 0.036284722222222225
2 0.358984375 0.9729166666666667 0.0125 0.05399305555555556
2 0.80390625 0.5958333333333333 0.02177734375 0.02795138888888889
2 0.321875 0.6451388888888889 0.0078125 0.03611111111111111
2 0.284765625 0.8611111111111112 0.00712890625 0.013715277777777778