0 0.149609375 0.39375 0.025 0.050694444444444445
2 0.61015625 0.7006944444444444 0.0234375 0.027777777777777776
2 0.25 0.5395833333333333 0.014453125 0.03333333333333333
0 0.05859375 0.45208333333333334 0.0203125 0.022222222222222223
2 0.36640625 0.7631944444444444 0.016015625 0.027083333333333334
2 0.212109375 0.4131944444444444 0.0125 0.03125
2 0.195703125 0.43472222222222223 0.011328125 0.027777777777777776
2 0.15234375 0.5020833333333333 0.0125 0.019444444444444445
2 0.067578125 0.32708333333333334 0.011328125 0.017361111111111112
2 0.154296875 0.6798611111111111 0.011328125 0.01597222222222222
2 0.151171875 0.4361111111111111 0.012109375 0.014583333333333334
2 0.187890625 0.42569444444444443 0.008203125 0.019444444444444445
2 0.082421875 0.3375 0.003515625 0.03125
2 0.12734375 0.38055555555555554 0.015234375 0.035416666666666666