0 0.409765625 0.4479166666666667 0.02119140625 0.06788194444444444
0 0.620703125 0.21319444444444444 0.025 0.0515625
2 0.73828125 0.8201388888888889 0.03271484375 0.03888888888888889
2 0.467578125 0.3590277777777778 0.02255859375 0.04600694444444445
2 0.225390625 0.33402777777777776 0.02099609375 0.04045138888888889
0 0.742578125 0.32013888888888886 0.01962890625 0.03732638888888889
3 0.843359375 0.4152777777777778 0.0109375 0.058333333333333334
2 0.786328125 0.8951388888888889 0.02724609375 0.022222222222222223
2 0.979296875 0.43125 0.015625 0.03732638888888889
2 0.39453125 0.9395833333333333 0.0125 0.044444444444444446
2 0.567578125 0.07708333333333334 0.01806640625 0.022222222222222223
0 0.412890625 0.7201388888888889 0.01181640625 0.03454861111111111
2 0.617578125 0.3909722222222222 0.01474609375 0.0234375
2 0.424609375 0.7 0.0125 0.019618055555555555
2 0.966796875 0.6020833333333333 0.00556640625 0.03732638888888889
2 0.322265625 0.9201388888888888 0.0125 0.016666666666666666
2 0.069140625 0.8256944444444444 0.01025390625 0.018229166666666668
2 0.378515625 0.9201388888888888 0.009375 0.018229166666666668
2 0.8703125 0.2423611111111111 0.00634765625 0.019444444444444445
2 0.444921875 0.42291666666666666 0.01005859375 0.012673611111111111
2 0.451171875 0.40902777777777777 0.00869140625 0.013888888888888888
2 0.9609375 0.18541666666666667 0.0078125 0.013888888888888888
2 0.473046875 0.3840277777777778 0.00712890625 0.013888888888888888
2 0.78984375 0.3715277777777778 0.00634765625 0.009895833333333333