0 0.445703125 0.7979166666666667 0.034375 0.03611111111111111
0 0.180859375 0.7555555555555555 0.0171875 0.058333333333333334
0 0.23515625 0.6118055555555556 0.017578125 0.05555555555555555
3 0.865234375 0.49027777777777776 0.021484375 0.03680555555555556
2 0.609765625 0.8979166666666667 0.026171875 0.06597222222222222
2 0.416015625 0.09375 0.014453125 0.03680555555555556
3 0.194140625 0.8631944444444445 0.008984375 0.06041666666666667
3 0.074609375 0.9423611111111111 0.0125 0.041666666666666664
3 0.39140625 0.28958333333333336 0.021875 0.05347222222222222
0 0.378515625 0.9736111111111111 0.015625 0.030555555555555555
0 0.737890625 0.32013888888888886 0.0140625 0.029861111111111113
0 0.34609375 0.9201388888888888 0.0203125 0.03958333333333333
0 0.935546875 0.3451388888888889 0.017578125 0.03819444444444445
2 0.391015625 0.1909722222222222 0.005078125 0.049305555555555554
2 0.140234375 0.5465277777777777 0.009375 0.024305555555555556
3 0.208984375 0.39375 0.0078125 0.05486111111111111
0 0.2453125 0.6854166666666667 0.009765625 0.022222222222222223
3 0.234765625 0.3784722222222222 0.0140625 0.02847222222222222
2 0.844140625 0.9111111111111111 0.0109375 0.017361111111111112
3 0.46484375 0.9534722222222223 0.012109375 0.01597222222222222
3 0.219921875 0.3326388888888889 0.011328125 0.014583333333333334
3 0.4015625 0.19444444444444445 0.011328125 0.014583333333333334
2 0.430078125 0.9326388888888889 0.0203125 0.041666666666666664
1 0.412890625 0.69375 0.008203125 0.01875
2 0.859765625 0.7243055555555555 0.012890625 0.025
0 0.73125 0.32013888888888886 0.009765625 0.01597222222222222
3 0.994921875 0.3645833333333333 0.0078125 0.01875
3 0.366796875 0.36041666666666666 0.011328125 0.022222222222222223
3 0.207421875 0.9486111111111111 0.006640625 0.01597222222222222
3 0.237109375 0.32430555555555557 0.011328125 0.021527777777777778
3 0.325 0.6638888888888889 0.0078125 0.011805555555555555
3 0.24140625 0.41041666666666665 0.0078125 0.010416666666666666
3 0.291796875 0.6736111111111112 0.005078125 0.013888888888888888
3 0.330859375 0.75625 0.006640625 0.010416666666666666
3 0.2125 0.9611111111111111 0.005859375 0.011111111111111112
3 0.326953125 0.7486111111111111 0.005859375 0.009027777777777777
3 0.2484375 0.38055555555555554 0.005078125 0.010416666666666666
3 0.326171875 0.6458333333333334 0.005078125 0.009027777777777777
3 0.3296875 0.65625 0.004296875 0.011111111111111112
3 0.365234375 0.7236111111111111 0.0046875 0.010416666666666666
3 0.331640625 0.6645833333333333 0.0046875 0.009027777777777777
3 0.337109375 0.7590277777777777 0.0046875 0.007638888888888889
3 0.331640625 0.7326388888888888 0.004296875 0.007638888888888889
3 0.218359375 0.42083333333333334 0.010546875 0.025694444444444443