0 0.98046875 0.8298611111111112 0.0359375 0.075
0 0.785546875 0.7881944444444444 0.0296875 0.04791666666666667
2 0.870703125 0.5548611111111111 0.0171875 0.05486111111111111
0 0.3296875 0.9618055555555556 0.025 0.034027777777777775
1 0.66953125 0.08263888888888889 0.034765625 0.022916666666666665
2 0.4546875 0.9131944444444444 0.019921875 0.03680555555555556
0 0.680078125 0.6465277777777778 0.015234375 0.04236111111111111
0 0.687890625 0.7590277777777777 0.013671875 0.04375
1 0.554296875 0.06666666666666667 0.015234375 0.03680555555555556
2 0.830859375 0.3284722222222222 0.015234375 0.03263888888888889
2 0.188671875 0.8159722222222222 0.015625 0.030555555555555555
1 0.4234375 0.7340277777777777 0.0171875 0.027083333333333334
0 0.73203125 0.9229166666666667 0.0171875 0.022222222222222223
2 0.851171875 0.6451388888888889 0.015234375 0.025694444444444443
2 0.383203125 0.63125 0.016015625 0.019444444444444445
2 0.129296875 0.6854166666666667 0.0125 0.024305555555555556
2 0.787109375 0.7625 0.0125 0.017361111111111112
2 0.44375 0.7368055555555556 0.009765625 0.021527777777777778
2 0.896875 0.39444444444444443 0.008203125 0.02013888888888889
2 0.333203125 0.6340277777777777 0.007421875 0.014583333333333334