0 0.409765625 0.4479166666666667 0.021484375 0.06736111111111111
0 0.620703125 0.21319444444444444 0.025 0.052083333333333336
2 0.73828125 0.8201388888888889 0.032421875 0.03888888888888889
2 0.467578125 0.3590277777777778 0.022265625 0.04652777777777778
2 0.225390625 0.33402777777777776 0.020703125 0.04097222222222222
0 0.742578125 0.32013888888888886 0.019921875 0.03680555555555556
3 0.843359375 0.4152777777777778 0.0109375 0.058333333333333334
2 0.786328125 0.8951388888888889 0.026953125 0.022222222222222223
2 0.979296875 0.43125 0.015625 0.03680555555555556
2 0.39453125 0.9395833333333333 0.0125 0.044444444444444446
2 0.567578125 0.07708333333333334 0.018359375 0.022222222222222223
0 0.412890625 0.7201388888888889 0.012109375 0.034027777777777775
2 0.617578125 0.3909722222222222 0.014453125 0.022916666666666665
2 0.424609375 0.7 0.0125 0.02013888888888889
2 0.966796875 0.6020833333333333 0.005859375 0.03680555555555556
2 0.322265625 0.9201388888888888 0.0125 0.016666666666666666
2 0.069140625 0.8256944444444444 0.010546875 0.01875
2 0.378515625 0.9201388888888888 0.009375 0.01875
2 0.8703125 0.2423611111111111 0.006640625 0.019444444444444445
2 0.444921875 0.42291666666666666 0.009765625 0.013194444444444444
2 0.451171875 0.40902777777777777 0.008984375 0.013888888888888888
2 0.9609375 0.18541666666666667 0.0078125 0.013888888888888888
2 0.473046875 0.3840277777777778 0.007421875 0.013888888888888888
2 0.78984375 0.3715277777777778 0.006640625 0.010416666666666666