3 0.871484375 0.4326388888888889 0.0515625 0.15434027777777778
2 0.848828125 0.9548611111111112 0.034375 0.09010416666666667
3 0.868359375 0.1486111111111111 0.025 0.11649305555555556
3 0.823046875 0.5638888888888889 0.0390625 0.06649305555555556
0 0.469921875 0.6152777777777778 0.02724609375 0.07239583333333334
0 0.896484375 0.11597222222222223 0.03837890625 0.04600694444444445
2 0.781640625 0.9659722222222222 0.028125 0.04600694444444445
2 0.89140625 0.5965277777777778 0.0171875 0.06788194444444444
3 0.893359375 0.2923611111111111 0.01650390625 0.06111111111111111
2 0.866015625 0.8506944444444444 0.03056640625 0.03333333333333333
2 0.783203125 0.3888888888888889 0.01806640625 0.05260416666666667
3 0.828515625 0.15625 0.02724609375 0.03333333333333333
3 0.891015625 0.6895833333333333 0.015625 0.04565972222222222
3 0.8984375 0.40902777777777777 0.01728515625 0.03767361111111111
2 0.783203125 0.6590277777777778 0.01025390625 0.04722222222222222
2 0.9046875 0.49236111111111114 0.01083984375 0.0484375
3 0.925390625 0.1763888888888889 0.009375 0.044444444444444446
2 0.768359375 0.7340277777777777 0.01474609375 0.02621527777777778
2 0.966015625 0.19166666666666668 0.01318359375 0.027777777777777776
2 0.931640625 0.23333333333333334 0.0109375 0.027777777777777776
2 0.830078125 0.1423611111111111 0.01318359375 0.018229166666666668