2 0.970703125 0.6215277777777778 0.0265625 0.08333333333333333
2 0.853515625 0.6611111111111111 0.021875 0.05572916666666667
2 0.212890625 0.5798611111111112 0.02744140625 0.042881944444444445
2 0.294140625 0.7847222222222222 0.02587890625 0.044270833333333336
2 0.95859375 0.3645833333333333 0.0203125 0.051215277777777776
2 0.924609375 0.7125 0.01943359375 0.04461805555555556
2 0.986328125 0.48194444444444445 0.01474609375 0.02795138888888889
2 0.919140625 0.5840277777777778 0.0140625 0.028993055555555557
2 0.907421875 0.29791666666666666 0.0140625 0.02621527777777778
2 0.980078125 0.93125 0.0140625 0.0234375
2 0.933984375 0.6409722222222223 0.0125 0.025
2 0.994140625 0.8277777777777777 0.01162109375 0.027604166666666666
2 0.894140625 0.8423611111111111 0.0109375 0.0234375
2 0.916015625 0.8666666666666667 0.0125 0.019270833333333334
2 0.938671875 0.5875 0.00712890625 0.030729166666666665
2 0.89140625 0.8645833333333334 0.009375 0.02378472222222222
2 0.955078125 0.9326388888888889 0.0125 0.017881944444444443
2 0.95859375 0.8173611111111111 0.01240234375 0.018229166666666668
2 0.94453125 0.7972222222222223 0.009375 0.022048611111111113
2 0.978125 0.9034722222222222 0.0078125 0.015104166666666667
2 0.927734375 0.8388888888888889 0.0109375 0.008506944444444444
2 0.368359375 0.5944444444444444 0.03056640625 0.04704861111111111