2 0.95703125 0.6451388888888889 0.022265625 0.059027777777777776
2 0.530859375 0.4173611111111111 0.028125 0.04652777777777778
2 0.393359375 0.10069444444444445 0.041796875 0.030555555555555555
2 0.3984375 0.47847222222222224 0.022265625 0.05625
2 0.245703125 0.34444444444444444 0.0265625 0.04652777777777778
2 0.022265625 0.5159722222222223 0.015625 0.06111111111111111
2 0.646484375 0.3020833333333333 0.0234375 0.04097222222222222
2 0.35859375 0.9534722222222223 0.021484375 0.04097222222222222
2 0.759765625 0.5381944444444444 0.019140625 0.044444444444444446
2 0.445703125 0.9555555555555556 0.019921875 0.03263888888888889
2 0.758984375 0.2673611111111111 0.021875 0.025694444444444443
2 0.45859375 0.1375 0.0140625 0.027777777777777776
2 0.9375 0.5111111111111111 0.012890625 0.02013888888888889
2 0.503125 0.18680555555555556 0.013671875 0.019444444444444445
2 0.225 0.4270833333333333 0.0109375 0.022916666666666665
2 0.4171875 0.24305555555555555 0.014453125 0.024305555555555556