0 0.535546875 0.5944444444444444 0.05 0.08055555555555556
2 0.52421875 0.43125 0.021875 0.059027777777777776
2 0.580078125 0.37916666666666665 0.0140625 0.05486111111111111
2 0.2015625 0.7486111111111111 0.019140625 0.03819444444444445
2 0.523046875 0.6347222222222222 0.025390625 0.024305555555555556
2 0.030078125 0.5548611111111111 0.009375 0.06319444444444444
2 0.816015625 0.6527777777777778 0.015234375 0.03333333333333333
2 0.6125 0.5027777777777778 0.0140625 0.02847222222222222
2 0.926171875 0.7645833333333333 0.01875 0.014583333333333334
2 0.888671875 0.6340277777777777 0.008984375 0.027083333333333334
3 0.92734375 0.7451388888888889 0.008984375 0.017361111111111112