1 0.109375 0.15763888888888888 0.023046875 0.04236111111111111
1 0.6484375 0.6909722222222222 0.025390625 0.03611111111111111
1 0.731640625 0.8465277777777778 0.023828125 0.03263888888888889
1 0.023828125 0.49236111111111114 0.022265625 0.027777777777777776
1 0.783984375 0.6722222222222223 0.019921875 0.029166666666666667
1 0.048046875 0.15 0.03203125 0.017361111111111112
1 0.700390625 0.6888888888888889 0.019140625 0.027777777777777776
0 0.33203125 0.8159722222222222 0.023828125 0.021527777777777778
1 0.637109375 0.3951388888888889 0.025390625 0.017361111111111112
1 0.43046875 0.6291666666666667 0.019140625 0.022916666666666665
1 0.666796875 0.6645833333333333 0.023828125 0.017361111111111112
1 0.5734375 0.4 0.01484375 0.02847222222222222
1 0.65 0.7222222222222222 0.022265625 0.01875
1 0.23359375 0.4548611111111111 0.018359375 0.022916666666666665
1 0.137890625 0.2520833333333333 0.013671875 0.029861111111111113
1 0.669921875 0.3875 0.012109375 0.03263888888888889
1 0.5140625 0.48125 0.01328125 0.029861111111111113
1 0.149609375 0.4597222222222222 0.016015625 0.02361111111111111
1 0.171484375 0.45416666666666666 0.023046875 0.01597222222222222
1 0.55703125 0.5361111111111111 0.01796875 0.02013888888888889
1 0.75546875 0.8833333333333333 0.00859375 0.04236111111111111
1 0.534765625 0.4673611111111111 0.017578125 0.02013888888888889
1 0.373046875 0.5347222222222222 0.015234375 0.022916666666666665
1 0.666015625 0.42291666666666666 0.010546875 0.030555555555555555
1 0.08984375 0.19166666666666668 0.015234375 0.020833333333333332
1 0.253125 0.4951388888888889 0.016015625 0.02013888888888889
1 0.6640625 0.6736111111111112 0.019921875 0.01597222222222222
1 0.76640625 0.8319444444444445 0.008203125 0.03819444444444445
1 0.5625 0.49930555555555556 0.0140625 0.022222222222222223
1 0.61171875 0.3625 0.010546875 0.029861111111111113
1 0.202734375 0.5111111111111111 0.019921875 0.014583333333333334
1 0.433203125 0.425 0.01484375 0.015277777777777777
1 0.12109375 0.22569444444444445 0.016015625 0.013888888888888888
1 0.543359375 0.5284722222222222 0.00859375 0.02638888888888889
1 0.5125 0.5277777777777778 0.014453125 0.015277777777777777
1 0.349609375 0.6506944444444445 0.007421875 0.029861111111111113
1 0.350390625 0.6694444444444444 0.017578125 0.011805555555555555
1 0.485546875 0.33402777777777776 0.012890625 0.01597222222222222
1 0.63828125 0.3159722222222222 0.008984375 0.022916666666666665
1 0.569140625 0.48680555555555555 0.00859375 0.02361111111111111
1 0.449609375 0.2826388888888889 0.010546875 0.01875
1 0.555078125 0.5180555555555556 0.015234375 0.0125
1 0.6140625 0.3909722222222222 0.009765625 0.013888888888888888
1 0.589453125 0.4326388888888889 0.00625 0.020833333333333332
1 0.444921875 0.33055555555555555 0.00546875 0.021527777777777778
1 0.670703125 0.5861111111111111 0.024609375 0.035416666666666666