2 0.93671875 0.48680555555555555 0.04375 0.10954861111111111
2 0.41796875 0.7319444444444444 0.03583984375 0.07777777777777778
3 0.6734375 0.38055555555555554 0.03583984375 0.06684027777777778
3 0.91484375 0.7444444444444445 0.040625 0.05555555555555555
3 0.98515625 0.8104166666666667 0.02353515625 0.08611111111111111
0 0.6625 0.9680555555555556 0.0390625 0.05017361111111111
0 0.654296875 0.9298611111111111 0.03369140625 0.04878472222222222
3 0.303125 0.29930555555555555 0.02666015625 0.05954861111111111
2 0.206640625 0.14097222222222222 0.02099609375 0.06545138888888889
3 0.938671875 0.3770833333333333 0.0234375 0.057118055555555554
0 0.673828125 0.5048611111111111 0.01630859375 0.06666666666666667
0 0.418359375 0.7583333333333333 0.01943359375 0.05277777777777778
0 0.513671875 0.5465277777777777 0.01943359375 0.05
2 0.733984375 0.8715277777777778 0.01943359375 0.042881944444444445
3 0.828515625 0.4423611111111111 0.01962890625 0.03732638888888889
0 0.658203125 0.42777777777777776 0.01806640625 0.036284722222222225
0 0.44453125 0.39444444444444443 0.01865234375 0.036284722222222225
2 0.124609375 0.034027777777777775 0.01650390625 0.03732638888888889
0 0.284765625 0.25972222222222224 0.01494140625 0.0390625
2 0.394140625 0.01875 0.01494140625 0.03732638888888889
2 0.496875 0.2743055555555556 0.02646484375 0.021006944444444446
0 0.15546875 0.08125 0.01884765625 0.027777777777777776
0 0.516015625 0.4673611111111111 0.01943359375 0.027777777777777776
0 0.4359375 0.6715277777777777 0.0109375 0.04722222222222222
2 0.249609375 0.05486111111111111 0.015625 0.03211805555555555
0 0.823046875 0.75625 0.01474609375 0.03333333333333333
3 0.720703125 0.06041666666666667 0.01630859375 0.029340277777777778
0 0.098046875 0.10625 0.01474609375 0.03177083333333333
0 0.116015625 0.48680555555555555 0.0109375 0.04045138888888889
2 0.316796875 0.1597222222222222 0.01875 0.019618055555555555
2 0.425390625 0.8673611111111111 0.01630859375 0.0234375
0 0.89375 0.5451388888888888 0.01103515625 0.029340277777777778
2 0.234375 0.31875 0.01416015625 0.02378472222222222
0 0.179296875 0.1076388888888889 0.01650390625 0.02065972222222222
2 0.278515625 0.13194444444444445 0.01025390625 0.03315972222222222
2 0.248828125 0.18055555555555555 0.01806640625 0.016493055555555556
0 0.976171875 0.3506944444444444 0.00849609375 0.03611111111111111
2 0.909375 0.3423611111111111 0.01572265625 0.016666666666666666
2 0.68203125 0.9298611111111111 0.01708984375 0.015104166666666667
0 0.940625 0.6402777777777777 0.0109375 0.024826388888888887
0 0.3359375 0.4791666666666667 0.01103515625 0.022048611111111113
0 0.128515625 0.5333333333333333 0.00625 0.03315972222222222
0 0.103515625 0.4423611111111111 0.009375 0.02065972222222222
0 0.36328125 0.5034722222222222 0.0078125 0.022222222222222223
2 0.225390625 0.06875 0.0078125 0.018229166666666668
0 0.98359375 0.33194444444444443 0.0046875 0.022048611111111113
2 0.26328125 0.04097222222222222 0.00634765625 0.009548611111111112