2 0.708984375 0.8291666666666667 0.025390625 0.03125
2 0.250390625 0.4979166666666667 0.021484375 0.03819444444444445
2 0.6234375 0.8805555555555555 0.019921875 0.03888888888888889
2 0.366015625 0.5763888888888888 0.0171875 0.044444444444444446
2 0.450390625 0.42291666666666666 0.019921875 0.03611111111111111
2 0.466796875 0.47152777777777777 0.025 0.02847222222222222
2 0.56796875 0.9270833333333334 0.025 0.027777777777777776
2 0.65703125 0.9256944444444445 0.018359375 0.035416666666666666
2 0.73046875 0.7493055555555556 0.018359375 0.03263888888888889
2 0.34921875 0.41458333333333336 0.019921875 0.027083333333333334
2 0.477734375 0.2722222222222222 0.017578125 0.02847222222222222
2 0.434375 0.4638888888888889 0.017578125 0.02847222222222222
2 0.453515625 0.45694444444444443 0.019921875 0.025
2 0.326953125 0.08958333333333333 0.020703125 0.021527777777777778
2 0.7796875 0.6298611111111111 0.013671875 0.025694444444444443
2 0.371484375 0.4152777777777778 0.011328125 0.025694444444444443
2 0.969140625 0.31180555555555556 0.009765625 0.029861111111111113
2 0.85625 0.47847222222222224 0.015625 0.01875
2 0.2453125 0.4284722222222222 0.0109375 0.021527777777777778
2 0.788671875 0.5944444444444444 0.011328125 0.017361111111111112
2 0.7921875 0.6076388888888888 0.015625 0.008333333333333333