0 0.746484375 0.6708333333333333 0.02890625 0.059722222222222225
3 0.0375 0.9444444444444444 0.03203125 0.07222222222222222
0 0.598828125 0.09583333333333334 0.0140625 0.035416666666666666
3 0.66171875 0.23194444444444445 0.02265625 0.04236111111111111
3 0.672265625 0.9486111111111111 0.0125 0.03611111111111111
3 0.68359375 0.7027777777777777 0.011328125 0.027083333333333334
0 0.27421875 0.9208333333333333 0.016796875 0.029166666666666667
3 0.21953125 0.8194444444444444 0.01015625 0.02013888888888889
3 0.47265625 0.5611111111111111 0.01015625 0.01875
0 0.628125 0.16111111111111112 0.013671875 0.024305555555555556
3 0.538671875 0.8881944444444444 0.009375 0.014583333333333334
3 0.10625 0.6861111111111111 0.005859375 0.02013888888888889
3 0.08125 0.7680555555555556 0.00703125 0.014583333333333334
2 0.325 0.9513888888888888 0.010546875 0.027083333333333334
2 0.71640625 0.20972222222222223 0.002734375 0.03125
3 0.0203125 0.5868055555555556 0.00390625 0.010416666666666666