0 0.415234375 0.6361111111111111 0.034375 0.050347222222222224
0 0.934375 0.41805555555555557 0.021875 0.025
0 0.966796875 0.42986111111111114 0.021875 0.02361111111111111
0 0.637890625 0.4270833333333333 0.01953125 0.018229166666666668
0 0.77265625 0.42986111111111114 0.0171875 0.018229166666666668
0 0.891015625 0.41180555555555554 0.01640625 0.017881944444444443
0 0.815625 0.40694444444444444 0.0140625 0.013541666666666667
0 0.747265625 0.43194444444444446 0.0125 0.008680555555555556
0 0.869921875 0.4131944444444444 0.009375 0.011111111111111112
0 0.68984375 0.4041666666666667 0.009375 0.008159722222222223
0 0.947265625 0.46041666666666664 0.03671875 0.02065972222222222