0 0.979296875 0.34305555555555556 0.01787109375 0.06388888888888888
0 0.633984375 0.9701388888888889 0.02587890625 0.043229166666666666
0 0.33671875 0.2375 0.02353515625 0.041666666666666664
0 0.43203125 0.1798611111111111 0.0171875 0.04010416666666667
0 0.376171875 0.8590277777777777 0.01337890625 0.04722222222222222
0 0.849609375 0.3611111111111111 0.01474609375 0.041840277777777775
2 0.523828125 0.3173611111111111 0.01337890625 0.03454861111111111
0 0.18125 0.9458333333333333 0.01572265625 0.027777777777777776
0 0.673828125 0.9215277777777777 0.01787109375 0.025
2 0.61328125 0.9604166666666667 0.01884765625 0.02065972222222222
0 0.69609375 0.45069444444444445 0.01240234375 0.028993055555555557
0 0.81796875 0.4979166666666667 0.00947265625 0.021006944444444446
2 0.017578125 0.41041666666666665 0.00625 0.0265625
2 0.810546875 0.5256944444444445 0.00625 0.015104166666666667