2 0.858984375 0.6875 0.025 0.044444444444444446
0 0.05 0.9826388888888888 0.015234375 0.03263888888888889
2 0.739453125 0.2986111111111111 0.011328125 0.03958333333333333
2 0.314453125 0.3375 0.008203125 0.044444444444444446
2 0.91953125 0.6291666666666667 0.011328125 0.022916666666666665
0 0.241015625 0.48333333333333334 0.011328125 0.022222222222222223
2 0.2265625 0.37222222222222223 0.008984375 0.025694444444444443
3 0.828515625 0.19652777777777777 0.009375 0.016666666666666666
2 0.678515625 0.34791666666666665 0.009765625 0.014583333333333334
2 0.68359375 0.9833333333333333 0.008984375 0.016666666666666666
2 0.10859375 0.35208333333333336 0.006640625 0.019444444444444445
2 0.987890625 0.9354166666666667 0.007421875 0.017361111111111112
2 0.79296875 0.5916666666666667 0.0078125 0.011111111111111112
2 0.6859375 0.8298611111111112 0.00625 0.013194444444444444