0 0.746484375 0.6708333333333333 0.02890625 0.058680555555555555
3 0.0375 0.9444444444444444 0.0314453125 0.07222222222222222
0 0.598828125 0.09583333333333334 0.0140625 0.0359375
3 0.66171875 0.23194444444444445 0.0232421875 0.041840277777777775
3 0.672265625 0.9486111111111111 0.0125 0.03611111111111111
3 0.68359375 0.7027777777777777 0.01103515625 0.027604166666666666
0 0.27421875 0.9208333333333333 0.01708984375 0.030208333333333334
3 0.21953125 0.8194444444444444 0.0107421875 0.019618055555555555
3 0.47265625 0.5611111111111111 0.0107421875 0.019270833333333334
0 0.628125 0.16111111111111112 0.01396484375 0.024826388888888887
3 0.538671875 0.8881944444444444 0.009375 0.015104166666666667
3 0.10625 0.6861111111111111 0.00615234375 0.019618055555555555
3 0.08125 0.7680555555555556 0.0064453125 0.0140625
2 0.325 0.9513888888888888 0.01083984375 0.027604166666666666
2 0.71640625 0.20972222222222223 0.00302734375 0.030729166666666665
3 0.0203125 0.5868055555555556 0.0033203125 0.009895833333333333