1 0.246484375 0.8902777777777777 0.022265625 0.058333333333333334
1 0.44453125 0.5402777777777777 0.030859375 0.03680555555555556
1 0.4234375 0.5506944444444445 0.023828125 0.04513888888888889
1 0.459765625 0.5618055555555556 0.033203125 0.03263888888888889
1 0.096875 0.9027777777777778 0.0203125 0.052083333333333336
1 0.2625 0.8881944444444444 0.019140625 0.05347222222222222
1 0.572265625 0.6013888888888889 0.017578125 0.04513888888888889
1 0.43828125 0.6569444444444444 0.02265625 0.034027777777777775
1 0.08125 0.7777777777777778 0.017578125 0.04375
1 0.51015625 0.6930555555555555 0.019921875 0.03611111111111111
1 0.45546875 0.9097222222222222 0.023828125 0.029166666666666667
1 0.6671875 0.6375 0.029296875 0.021527777777777778
1 0.34375 0.7194444444444444 0.01328125 0.04236111111111111
1 0.68828125 0.5576388888888889 0.015625 0.034027777777777775
1 0.442578125 0.5708333333333333 0.017578125 0.029861111111111113
1 0.427734375 0.48680555555555555 0.011328125 0.04513888888888889
1 0.590625 0.6638888888888889 0.01171875 0.041666666666666664
1 0.4421875 0.6361111111111111 0.026953125 0.018055555555555554
1 0.4390625 0.48333333333333334 0.011328125 0.04236111111111111
1 0.46796875 0.4201388888888889 0.011328125 0.04027777777777778
1 0.426171875 0.5798611111111112 0.028125 0.01597222222222222
1 0.58125 0.3541666666666667 0.01171875 0.0375
1 0.423828125 0.6416666666666667 0.010546875 0.04097222222222222
1 0.373828125 0.4263888888888889 0.011328125 0.03611111111111111
1 0.65625 0.4340277777777778 0.012109375 0.03333333333333333
1 0.907421875 0.3527777777777778 0.029296875 0.013194444444444444
1 0.518359375 0.5173611111111112 0.01171875 0.03333333333333333
1 0.670703125 0.60625 0.009765625 0.03680555555555556
1 0.51640625 0.6020833333333333 0.01328125 0.02638888888888889
1 0.567578125 0.4048611111111111 0.012890625 0.025694444444444443
1 0.862109375 0.21875 0.015234375 0.022916666666666665
1 0.98359375 0.34375 0.02421875 0.013194444444444444
1 0.518359375 0.5673611111111111 0.025390625 0.013194444444444444
1 0.612109375 0.5034722222222222 0.009375 0.034027777777777775
1 0.861328125 0.22847222222222222 0.016015625 0.019444444444444445
1 0.662109375 0.4444444444444444 0.01171875 0.025694444444444443
1 0.430859375 0.5680555555555555 0.015234375 0.01875
1 0.79140625 0.36319444444444443 0.015234375 0.01875
1 0.8765625 0.2375 0.011328125 0.024305555555555556
1 0.605078125 0.49722222222222223 0.008203125 0.029861111111111113
1 0.357421875 0.48055555555555557 0.006640625 0.025
1 0.8765625 0.2604166666666667 0.008984375 0.018055555555555554
1 0.5890625 0.3597222222222222 0.00625 0.025694444444444443
1 0.9078125 0.24861111111111112 0.006640625 0.022916666666666665
1 0.8703125 0.21319444444444444 0.0109375 0.009722222222222222
2 0.852734375 0.6486111111111111 0.008984375 0.00625