3 0.219921875 0.9173611111111111 0.10859375 0.16527777777777777
0 0.272265625 0.8222222222222222 0.03818359375 0.06927083333333334
0 0.4515625 0.6152777777777778 0.028125 0.05243055555555556
3 0.68984375 0.9055555555555556 0.0234375 0.06111111111111111
0 0.159765625 0.6097222222222223 0.01875 0.06388888888888888
2 0.6453125 0.2361111111111111 0.02490234375 0.041666666666666664
3 0.762109375 0.8708333333333333 0.02412109375 0.041666666666666664
0 0.34609375 0.6708333333333333 0.0171875 0.05798611111111111
3 0.824609375 0.16041666666666668 0.02578125 0.034722222222222224
2 0.58984375 0.08472222222222223 0.0201171875 0.041666666666666664
3 0.785546875 0.5055555555555555 0.02099609375 0.03871527777777778
3 0.31015625 0.575 0.0142578125 0.05
0 0.6390625 0.9472222222222222 0.02021484375 0.03315972222222222
3 0.79296875 0.34444444444444444 0.01396484375 0.04479166666666667
3 0.646875 0.7583333333333333 0.01416015625 0.044270833333333336
0 0.714453125 0.8986111111111111 0.0171875 0.03350694444444444
3 0.434375 0.775 0.00947265625 0.05017361111111111
0 0.6453125 0.9736111111111111 0.0185546875 0.027777777777777776
3 0.3609375 0.8555555555555555 0.02041015625 0.022395833333333334
3 0.6703125 0.2986111111111111 0.0171875 0.025
2 0.7875 0.21666666666666667 0.0123046875 0.0359375
2 0.737890625 0.5125 0.01162109375 0.036284722222222225
2 0.814453125 0.12361111111111112 0.01015625 0.04131944444444444
3 0.623046875 0.9229166666666667 0.01806640625 0.020833333333333332
2 0.8953125 0.21388888888888888 0.01083984375 0.03611111111111111
3 0.9421875 0.13958333333333334 0.0109375 0.034895833333333334
3 0.837890625 0.42777777777777776 0.01171875 0.03298611111111111
2 0.4890625 0.7472222222222222 0.015625 0.024826388888888887
3 0.848828125 0.3138888888888889 0.01015625 0.03350694444444444
3 0.5859375 0.17708333333333334 0.0154296875 0.0234375
2 0.06875 0.7902777777777777 0.00927734375 0.03611111111111111
3 0.30546875 0.6236111111111111 0.01083984375 0.027777777777777776
3 0.60625 0.36666666666666664 0.01240234375 0.022569444444444444
3 0.73515625 0.8423611111111111 0.0076171875 0.03767361111111111
3 0.799609375 0.28888888888888886 0.0109375 0.024826388888888887
3 0.827734375 0.5375 0.009375 0.02795138888888889
2 0.71015625 0.25 0.0109375 0.022395833333333334
3 0.197265625 0.7409722222222223 0.00625 0.0375
2 0.7984375 0.6069444444444444 0.0091796875 0.027604166666666666
3 0.63125 0.9097222222222222 0.0140625 0.016493055555555556
2 0.006640625 0.7138888888888889 0.00869140625 0.022395833333333334
3 0.7984375 0.2361111111111111 0.00947265625 0.019618055555555555
3 0.13359375 0.3020833333333333 0.00615234375 0.03333333333333333
3 0.13125 0.34305555555555556 0.00771484375 0.025347222222222222
3 0.7484375 0.7694444444444445 0.0091796875 0.022222222222222223
3 0.68671875 0.9472222222222222 0.01259765625 0.0140625
3 0.79921875 0.20208333333333334 0.00771484375 0.02378472222222222
2 0.80859375 0.37777777777777777 0.00791015625 0.022395833333333334
2 0.79921875 0.9076388888888889 0.0125 0.013888888888888888
3 0.475390625 0.8166666666666667 0.00859375 0.019618055555555555
2 0.77734375 0.17083333333333334 0.0078125 0.019791666666666666
3 0.64453125 0.20277777777777778 0.00947265625 0.016666666666666666
3 0.5015625 0.18472222222222223 0.00791015625 0.019270833333333334
3 0.37890625 0.6180555555555556 0.0111328125 0.013715277777777778
3 0.729296875 0.5013888888888889 0.00712890625 0.019791666666666666
3 0.74375 0.8902777777777777 0.00791015625 0.019270833333333334
3 0.47890625 0.7833333333333333 0.009375 0.016666666666666666
3 0.6625 0.175 0.00927734375 0.016840277777777777
2 0.613671875 0.86875 0.01005859375 0.015277777777777777
2 0.03359375 0.29097222222222224 0.0080078125 0.018055555555555554
3 0.82890625 0.3138888888888889 0.00625 0.022569444444444444
2 0.780078125 0.7201388888888889 0.00625 0.022222222222222223
3 0.4296875 0.725 0.0060546875 0.025173611111111112
3 0.6546875 0.35555555555555557 0.00771484375 0.019270833333333334
3 0.699609375 0.19583333333333333 0.00693359375 0.019618055555555555
3 0.70625 0.5381944444444444 0.00947265625 0.012673611111111111
3 0.615625 0.21666666666666667 0.00947265625 0.013715277777777778
3 0.8109375 0.5833333333333334 0.0064453125 0.016493055555555556
3 0.733984375 0.7333333333333333 0.00546875 0.016493055555555556
3 0.6671875 0.9944444444444445 0.00771484375 0.0109375
3 0.665625 0.21458333333333332 0.009375 0.007118055555555555
3 0.768359375 0.5847222222222223 0.00380859375 0.019444444444444445
3 0.744140625 0.5590277777777778 0.00400390625 0.016666666666666666
3 0.75703125 0.6666666666666666 0.00478515625 0.013888888888888888
3 0.81796875 0.3541666666666667 0.00458984375 0.013888888888888888
3 0.79296875 0.4097222222222222 0.0046875 0.008680555555555556
3 0.7859375 0.3055555555555556 0.0033203125 0.008506944444444444
3 0.727734375 0.5625 0.00234375 0.013715277777777778
3 0.795703125 0.33541666666666664 0.00390625 0.007118055555555555
3 0.83671875 0.34791666666666665 0.01396484375 0.01545138888888889