2 0.330859375 0.5993055555555555 0.0234375 0.027777777777777776
2 0.828125 0.6354166666666666 0.01875 0.03177083333333333
2 0.834765625 0.8576388888888888 0.01943359375 0.027777777777777776
2 0.2796875 0.5784722222222223 0.01416015625 0.034895833333333334
2 0.6765625 0.9868055555555556 0.02021484375 0.02621527777777778
2 0.816796875 0.7256944444444444 0.01875 0.0234375
2 0.855078125 0.5645833333333333 0.01650390625 0.02621527777777778
2 0.333984375 0.3104166666666667 0.01474609375 0.025
2 0.854296875 0.6722222222222223 0.01181640625 0.027777777777777776
2 0.28125 0.6673611111111111 0.00947265625 0.03177083333333333
2 0.3515625 0.32013888888888886 0.01884765625 0.015104166666666667
2 0.328515625 0.3951388888888889 0.01494140625 0.01545138888888889
2 0.31953125 0.6090277777777777 0.00927734375 0.02621527777777778
2 0.380078125 0.325 0.0125 0.016666666666666666
2 0.364453125 0.28125 0.01005859375 0.02065972222222222
2 0.287109375 0.6590277777777778 0.009375 0.019444444444444445