1 0.025390625 0.4125 0.02412109375 0.10538194444444444
0 0.501171875 0.5326388888888889 0.03125 0.05954861111111111
3 0.604296875 0.6638888888888889 0.02431640625 0.058159722222222224
2 0.272265625 0.24513888888888888 0.02880859375 0.044444444444444446
0 0.030859375 0.34097222222222223 0.03056640625 0.029340277777777778
2 0.673828125 0.28541666666666665 0.01630859375 0.03454861111111111
3 0.61640625 0.6715277777777777 0.009375 0.05677083333333333
2 0.9296875 0.2423611111111111 0.01103515625 0.04600694444444445
0 0.967578125 0.35208333333333336 0.01005859375 0.043229166666666666
2 0.161328125 0.16180555555555556 0.01318359375 0.03177083333333333
0 0.0875 0.3451388888888889 0.01396484375 0.029340277777777778
2 0.830859375 0.7409722222222223 0.01318359375 0.0265625
0 0.247265625 0.60625 0.01806640625 0.03211805555555555
3 0.345703125 0.18888888888888888 0.01025390625 0.025
0 0.9578125 0.2152777777777778 0.0078125 0.03333333333333333
0 0.05234375 0.37916666666666665 0.01083984375 0.024826388888888887
3 0.1609375 0.7166666666666667 0.01416015625 0.027777777777777776
3 0.154296875 0.2604166666666667 0.0109375 0.021006944444444446
0 0.208203125 0.13125 0.0109375 0.016666666666666666
0 0.986328125 0.19236111111111112 0.00712890625 0.022222222222222223
3 0.173828125 0.78125 0.009375 0.016666666666666666
2 0.526953125 0.23819444444444443 0.00693359375 0.019444444444444445
2 0.771484375 0.9138888888888889 0.01025390625 0.011111111111111112
3 0.210546875 0.2548611111111111 0.009375 0.009895833333333333
3 0.59765625 0.2673611111111111 0.00478515625 0.011111111111111112
3 0.996484375 0.2625 0.00693359375 0.022395833333333334