2 0.7015625 0.6604166666666667 0.02822265625 0.06510416666666667
2 0.468359375 0.9548611111111112 0.02275390625 0.04722222222222222
2 0.271484375 0.41458333333333336 0.02255859375 0.04878472222222222
2 0.222265625 0.4909722222222222 0.021875 0.04878472222222222
2 0.344140625 0.8583333333333333 0.0234375 0.04461805555555556
2 0.851171875 0.25555555555555554 0.01806640625 0.05277777777777778
2 0.322265625 0.35694444444444445 0.01787109375 0.05
2 0.7203125 0.5444444444444444 0.0265625 0.030729166666666665
2 0.04609375 0.3736111111111111 0.0125 0.06684027777777778
2 0.73125 0.03263888888888889 0.021875 0.03333333333333333
2 0.6953125 0.17222222222222222 0.02021484375 0.03350694444444444
2 0.130859375 0.7951388888888888 0.01318359375 0.0515625
2 0.7703125 0.4326388888888889 0.02802734375 0.022222222222222223
2 0.169921875 0.0875 0.01181640625 0.04739583333333333
2 0.765234375 0.51875 0.01650390625 0.034895833333333334
2 0.826953125 0.48680555555555555 0.02099609375 0.0265625
2 0.895703125 0.5118055555555555 0.01943359375 0.027777777777777776
2 0.223828125 0.06111111111111111 0.0203125 0.025
2 0.841796875 0.5583333333333333 0.0109375 0.044444444444444446
2 0.031640625 0.3736111111111111 0.01005859375 0.030555555555555555
2 0.5953125 0.05763888888888889 0.01240234375 0.0234375
2 0.05859375 0.6881944444444444 0.009375 0.0234375
2 0.09765625 0.8104166666666667 0.01083984375 0.02065972222222222
2 0.286328125 0.3951388888888889 0.0078125 0.017881944444444443
2 0.92734375 0.28402777777777777 0.00791015625 0.01545138888888889
2 0.15078125 0.7375 0.0078125 0.011284722222222222