1 0.282421875 0.9104166666666667 0.022265625 0.059722222222222225
1 0.312109375 0.4527777777777778 0.027734375 0.034027777777777775
1 0.089453125 0.41597222222222224 0.028515625 0.027083333333333334
1 0.2484375 0.3576388888888889 0.029296875 0.02361111111111111
1 0.2265625 0.48125 0.026171875 0.025
1 0.1453125 0.9 0.034375 0.01875
1 0.05859375 0.4166666666666667 0.03359375 0.01875
1 0.1828125 0.5541666666666667 0.022265625 0.02638888888888889
1 0.851171875 0.40555555555555556 0.022265625 0.025694444444444443
1 0.033203125 0.39375 0.02109375 0.027777777777777776
1 0.923828125 0.4652777777777778 0.024609375 0.022916666666666665
1 0.1796875 0.90625 0.026171875 0.021527777777777778
1 0.191796875 0.5631944444444444 0.025390625 0.021527777777777778
1 0.716796875 0.39652777777777776 0.019140625 0.027777777777777776
1 0.546875 0.5423611111111111 0.01640625 0.03194444444444444
1 0.8765625 0.41388888888888886 0.026171875 0.01875
1 0.17421875 0.5708333333333333 0.021875 0.022222222222222223
1 0.115234375 0.7395833333333334 0.0296875 0.01597222222222222
1 0.170703125 0.5472222222222223 0.026171875 0.018055555555555554
1 0.332421875 0.4013888888888889 0.024609375 0.01875
1 0.1109375 0.41180555555555554 0.013671875 0.034027777777777775
1 0.253125 0.5666666666666667 0.019140625 0.022916666666666665
1 0.121875 0.4076388888888889 0.012890625 0.034027777777777775
1 0.393359375 0.36666666666666664 0.01796875 0.024305555555555556
1 0.883984375 0.37777777777777777 0.01953125 0.021527777777777778
1 0.230859375 0.4597222222222222 0.01875 0.021527777777777778
1 0.426953125 0.3729166666666667 0.02421875 0.016666666666666666
1 0.316796875 0.5451388888888888 0.025390625 0.014583333333333334
1 0.375390625 0.45555555555555555 0.0234375 0.01597222222222222
1 0.21875 0.4875 0.023046875 0.014583333333333334
1 0.355859375 0.39861111111111114 0.01875 0.017361111111111112
1 0.975390625 0.3611111111111111 0.02265625 0.014583333333333334
1 0.43359375 0.36944444444444446 0.0203125 0.013888888888888888
1 0.0984375 0.44513888888888886 0.013671875 0.02013888888888889
1 0.115625 0.4388888888888889 0.0125 0.022222222222222223
1 0.66171875 0.2875 0.010546875 0.024305555555555556
1 0.7765625 0.24583333333333332 0.010546875 0.022916666666666665
1 0.332421875 0.3909722222222222 0.021484375 0.011111111111111112
1 0.712890625 0.25277777777777777 0.01953125 0.010416666666666666
1 0.32578125 0.31180555555555556 0.007421875 0.024305555555555556
1 0.688671875 0.24305555555555555 0.008203125 0.02013888888888889
1 0.66953125 0.29097222222222224 0.009765625 0.016666666666666666
1 0.5625 0.2875 0.015625 0.010416666666666666
1 0.6984375 0.22916666666666666 0.00625 0.02013888888888889
1 0.7 0.26805555555555555 0.0046875 0.02013888888888889
1 0.705078125 0.2777777777777778 0.0046875 0.019444444444444445
1 0.93828125 0.24513888888888888 0.020703125 0.020833333333333332