0 0.42421875 0.08402777777777778 0.0453125 0.07291666666666667
0 0.79453125 0.54375 0.025 0.06666666666666667
0 0.776953125 0.9319444444444445 0.025 0.05
0 0.3140625 0.3715277777777778 0.019921875 0.05347222222222222
0 0.734765625 0.5305555555555556 0.016796875 0.06180555555555556
0 0.648046875 0.5284722222222222 0.018359375 0.05486111111111111
0 0.817578125 0.8909722222222223 0.019921875 0.049305555555555554
0 0.759375 0.8756944444444444 0.021484375 0.03888888888888889
0 0.331640625 0.0798611111111111 0.012890625 0.050694444444444445
0 0.23203125 0.47847222222222224 0.016796875 0.034027777777777775
0 0.619140625 0.7423611111111111 0.013671875 0.03819444444444445
2 0.701171875 0.8631944444444445 0.017578125 0.02847222222222222
3 0.317578125 0.7569444444444444 0.020703125 0.022916666666666665
0 0.498046875 0.18958333333333333 0.0171875 0.022916666666666665
0 0.348046875 0.1076388888888889 0.015234375 0.025694444444444443
1 0.965234375 0.4305555555555556 0.012109375 0.03263888888888889
0 0.259375 0.49722222222222223 0.010546875 0.03333333333333333
2 0.80078125 0.8166666666666667 0.011328125 0.027777777777777776
2 0.673046875 0.2520833333333333 0.012109375 0.027083333333333334
2 0.153515625 0.5368055555555555 0.012109375 0.027083333333333334
0 0.527734375 0.7270833333333333 0.0140625 0.02013888888888889
3 0.20390625 0.6451388888888889 0.009765625 0.025
0 0.61015625 0.6402777777777777 0.0125 0.052083333333333336