3 0.958984375 0.9020833333333333 0.05087890625 0.1234375
0 0.332421875 0.11041666666666666 0.02431640625 0.05277777777777778
0 0.618359375 0.7659722222222223 0.03505859375 0.029340277777777778
0 0.389453125 0.29791666666666666 0.02431640625 0.041666666666666664
0 0.251953125 0.17847222222222223 0.02587890625 0.03454861111111111
0 0.299609375 0.3104166666666667 0.021875 0.04010416666666667
0 0.566015625 0.9013888888888889 0.02099609375 0.0359375
0 0.393359375 0.375 0.01337890625 0.04461805555555556
0 0.343359375 0.5013888888888889 0.02099609375 0.027604166666666666
0 0.67265625 0.1361111111111111 0.01728515625 0.030555555555555555
0 0.754296875 0.15902777777777777 0.01494140625 0.03454861111111111
2 0.420703125 0.24583333333333332 0.02119140625 0.022222222222222223
0 0.081640625 0.22152777777777777 0.0125 0.03611111111111111
3 0.293359375 0.4131944444444444 0.01162109375 0.030555555555555555
0 0.356640625 0.34930555555555554 0.01181640625 0.02621527777777778
0 0.3140625 0.7590277777777777 0.00947265625 0.029340277777777778
0 0.56484375 0.9631944444444445 0.0125 0.02065972222222222
0 0.612890625 0.25625 0.0140625 0.015104166666666667
0 0.499609375 0.6243055555555556 0.01025390625 0.018229166666666668
0 0.43046875 0.5027777777777778 0.00927734375 0.022048611111111113
0 0.060546875 0.5069444444444444 0.0078125 0.022222222222222223
2 0.454296875 0.42083333333333334 0.00849609375 0.019444444444444445
0 0.055859375 0.6701388888888888 0.00849609375 0.018229166666666668
3 0.320703125 0.55 0.01025390625 0.013888888888888888
0 0.44296875 0.6451388888888889 0.00947265625 0.012673611111111111
3 0.30703125 0.25625 0.00625 0.019444444444444445
3 0.193359375 0.27708333333333335 0.00693359375 0.017881944444444443
3 0.324609375 0.32708333333333334 0.00712890625 0.01545138888888889
3 0.365234375 0.4201388888888889 0.00849609375 0.012326388888888888
3 0.5234375 0.2923611111111111 0.00771484375 0.012673611111111111
2 0.440234375 0.42569444444444443 0.00380859375 0.022222222222222223
3 0.285546875 0.21319444444444444 0.00537109375 0.013888888888888888
3 0.316015625 0.2638888888888889 0.009375 0.008159722222222223
3 0.434765625 0.21388888888888888 0.00625 0.008506944444444444