0 0.773046875 0.29930555555555555 0.041015625 0.09097222222222222
0 0.580078125 0.39652777777777776 0.036328125 0.08888888888888889
2 0.383203125 0.7180555555555556 0.0265625 0.06319444444444444
2 0.551171875 0.37569444444444444 0.022265625 0.06388888888888888
2 0.594921875 0.3194444444444444 0.0171875 0.052083333333333336
2 0.569921875 0.2902777777777778 0.020703125 0.03680555555555556
2 0.599609375 0.4270833333333333 0.019140625 0.029861111111111113
2 0.5125 0.26458333333333334 0.012109375 0.029861111111111113
2 0.615234375 0.22013888888888888 0.0109375 0.02847222222222222
2 0.630859375 0.13402777777777777 0.012109375 0.022916666666666665
2 0.42421875 0.18819444444444444 0.007421875 0.027083333333333334
2 0.351953125 0.15763888888888888 0.009375 0.016666666666666666