0 0.911328125 0.8673611111111111 0.0359375 0.11736111111111111
0 0.180859375 0.14583333333333334 0.037890625 0.06597222222222222
2 0.366796875 0.12916666666666668 0.025390625 0.06597222222222222
0 0.57265625 0.8736111111111111 0.022265625 0.04652777777777778
2 0.828515625 0.4861111111111111 0.0171875 0.03680555555555556
0 0.058984375 0.31875 0.013671875 0.044444444444444446
2 0.824609375 0.66875 0.010546875 0.022222222222222223
2 0.869921875 0.9513888888888888 0.012109375 0.019444444444444445
2 0.688671875 0.9881944444444445 0.011328125 0.01875
2 0.784765625 0.5513888888888889 0.009375 0.021527777777777778
1 0.405078125 0.8590277777777777 0.015234375 0.013194444444444444
2 0.048828125 0.14027777777777778 0.00625 0.027777777777777776
2 0.787890625 0.9701388888888889 0.009375 0.01875
1 0.25078125 0.5361111111111111 0.0078125 0.022222222222222223
2 0.8484375 0.33055555555555555 0.011328125 0.014583333333333334
2 0.85 0.975 0.009765625 0.01597222222222222
2 0.80546875 0.53125 0.008984375 0.01597222222222222
2 0.203125 0.3951388888888889 0.005859375 0.01875
2 0.387109375 0.9944444444444445 0.009765625 0.010416666666666666
2 0.194921875 0.2798611111111111 0.007421875 0.011111111111111112
2 0.433203125 0.9215277777777777 0.005859375 0.009027777777777777
2 0.575390625 0.9895833333333334 0.006640625 0.007638888888888889
2 0.05546875 0.16180555555555556 0.004296875 0.011111111111111112