3 0.944140625 0.5222222222222223 0.03369140625 0.0890625
3 0.317578125 0.5819444444444445 0.03193359375 0.07222222222222222
3 0.492578125 0.9652777777777778 0.05380859375 0.03333333333333333
3 0.237890625 0.39791666666666664 0.02744140625 0.043229166666666666
3 0.377734375 0.48819444444444443 0.01337890625 0.05
3 0.555078125 0.8423611111111111 0.0171875 0.03333333333333333
3 0.423828125 0.34375 0.0125 0.03611111111111111
3 0.27109375 0.6368055555555555 0.0140625 0.029340277777777778
3 0.445703125 0.42083333333333334 0.01494140625 0.024826388888888887
3 0.33671875 0.29930555555555555 0.0125 0.0234375
3 0.301171875 0.8569444444444444 0.01181640625 0.022222222222222223