1 0.449609375 0.9291666666666667 0.037890625 0.04652777777777778
1 0.237890625 0.9 0.026953125 0.06041666666666667
1 0.083203125 0.9215277777777777 0.026171875 0.05763888888888889
1 0.25390625 0.9 0.022265625 0.059027777777777776
1 0.416015625 0.5597222222222222 0.025390625 0.049305555555555554
1 0.452734375 0.5722222222222222 0.034765625 0.03263888888888889
1 0.438671875 0.5493055555555556 0.030078125 0.035416666666666666
1 0.07109375 0.7944444444444444 0.021484375 0.04791666666666667
1 0.501953125 0.7083333333333334 0.021875 0.03888888888888889
1 0.560546875 0.6118055555555556 0.016015625 0.052083333333333336
1 0.68046875 0.5645833333333333 0.019921875 0.03958333333333333
1 0.43046875 0.6708333333333333 0.0234375 0.03333333333333333
1 0.659765625 0.65 0.033203125 0.021527777777777778
1 0.33359375 0.7340277777777777 0.013671875 0.04513888888888889
1 0.90234375 0.36180555555555555 0.031640625 0.019444444444444445
1 0.580078125 0.6784722222222223 0.01328125 0.04652777777777778
1 0.64921875 0.44513888888888886 0.015625 0.03819444444444445
1 0.978125 0.35694444444444445 0.027734375 0.021527777777777778
1 0.36484375 0.4361111111111111 0.01328125 0.04097222222222222
1 0.43671875 0.58125 0.01640625 0.03263888888888889
1 0.41953125 0.49722222222222223 0.01171875 0.04513888888888889
1 0.5703125 0.3659722222222222 0.01328125 0.03958333333333333
1 0.434765625 0.6486111111111111 0.026953125 0.019444444444444445
1 0.458203125 0.4305555555555556 0.01171875 0.043055555555555555
1 0.43125 0.49375 0.011328125 0.04513888888888889
1 0.659765625 0.6173611111111111 0.012109375 0.03958333333333333
1 0.512109375 0.58125 0.026953125 0.017361111111111112
1 0.5109375 0.5277777777777778 0.012890625 0.03680555555555556
1 0.783984375 0.37083333333333335 0.01796875 0.025694444444444443
1 0.419140625 0.5895833333333333 0.02734375 0.016666666666666666
1 0.65546875 0.45555555555555555 0.015234375 0.029861111111111113
1 0.416015625 0.6541666666666667 0.009765625 0.043055555555555555
1 0.560546875 0.41805555555555557 0.01484375 0.02847222222222222
1 0.60625 0.5159722222222223 0.010546875 0.03819444444444445
1 0.507421875 0.6166666666666667 0.012890625 0.029861111111111113
1 0.597265625 0.5076388888888889 0.01015625 0.034722222222222224
1 0.35 0.49236111111111114 0.0109375 0.02847222222222222
1 0.903125 0.25555555555555554 0.01015625 0.027777777777777776
1 0.871875 0.26944444444444443 0.011328125 0.024305555555555556
1 0.5796875 0.36944444444444446 0.00859375 0.03125
1 0.871484375 0.24444444444444444 0.012109375 0.021527777777777778
1 0.854296875 0.23819444444444443 0.0140625 0.018055555555555554
1 0.424609375 0.5756944444444444 0.017578125 0.013194444444444444
1 0.85390625 0.22430555555555556 0.010546875 0.018055555555555554
1 0.86171875 0.2326388888888889 0.008203125 0.02013888888888889
1 0.864453125 0.21944444444444444 0.012109375 0.013194444444444444
2 0.847265625 0.6590277777777778 0.010546875 0.008333333333333333