1 0.661328125 0.5416666666666666 0.13125 0.06944444444444445
1 0.510546875 0.47638888888888886 0.053125 0.09166666666666666
1 0.498046875 0.39444444444444443 0.0671875 0.03333333333333333
1 0.409375 0.39305555555555555 0.06171875 0.03333333333333333
3 0.398046875 0.40625 0.04296875 0.04583333333333333
1 0.40859375 0.3597222222222222 0.053125 0.034722222222222224
1 0.45546875 0.3 0.053125 0.03194444444444444
3 0.463671875 0.4215277777777778 0.0265625 0.02638888888888889
2 0.500390625 0.3548611111111111 0.0171875 0.030555555555555555
1 0.469921875 0.3548611111111111 0.015625 0.027777777777777776
2 0.451171875 0.3784722222222222 0.02421875 0.034722222222222224