3 0.541015625 0.41388888888888886 0.0640625 0.11944444444444445
3 0.911328125 0.8625 0.0359375 0.12760416666666666
3 0.548046875 0.7659722222222223 0.05224609375 0.08333333333333333
0 0.401171875 0.675 0.034375 0.058506944444444445
3 0.571484375 0.8451388888888889 0.04599609375 0.043229166666666666
3 0.644921875 0.6715277777777777 0.02744140625 0.05954861111111111
0 0.492578125 0.44375 0.02744140625 0.04600694444444445
3 0.010546875 0.6298611111111111 0.01943359375 0.06232638888888889
0 0.416796875 0.14930555555555555 0.028125 0.04010416666666667
0 0.718359375 0.17083333333333334 0.02568359375 0.03871527777777778
0 0.110546875 0.21180555555555555 0.02099609375 0.04565972222222222
0 0.415625 0.925 0.01884765625 0.04722222222222222
3 0.035546875 0.7375 0.015625 0.05538194444444444
3 0.585546875 0.8083333333333333 0.02568359375 0.030381944444444444
3 0.578515625 0.7729166666666667 0.0203125 0.03611111111111111
0 0.685546875 0.9097222222222222 0.02724609375 0.027604166666666666
3 0.119140625 0.5576388888888889 0.015625 0.04565972222222222
0 0.277734375 0.5840277777777778 0.0171875 0.04010416666666667
0 0.807421875 0.1951388888888889 0.0171875 0.03611111111111111
0 0.131640625 0.6 0.01787109375 0.024826388888888887
3 0.397265625 0.46597222222222223 0.01025390625 0.04045138888888889
0 0.1171875 0.7784722222222222 0.01572265625 0.02621527777777778
0 0.512109375 0.5215277777777778 0.01337890625 0.02621527777777778
3 0.125390625 0.6270833333333333 0.015625 0.021006944444444446
3 0.16796875 0.7868055555555555 0.009375 0.03732638888888889
3 0.1015625 0.7243055555555555 0.01396484375 0.025
0 0.044140625 0.17916666666666667 0.0109375 0.02795138888888889
2 0.110546875 0.2548611111111111 0.01494140625 0.021006944444444446
0 0.125390625 0.8027777777777778 0.01162109375 0.022222222222222223
0 0.501953125 0.41875 0.01025390625 0.02378472222222222
0 0.081640625 0.7430555555555556 0.0109375 0.022048611111111113
2 0.144140625 0.8409722222222222 0.00556640625 0.041666666666666664
0 0.38125 0.08402777777777778 0.009375 0.0234375
0 0.191015625 0.8048611111111111 0.0078125 0.02621527777777778
0 0.466796875 0.05763888888888889 0.01318359375 0.01545138888888889
0 0.1953125 0.6534722222222222 0.00927734375 0.021006944444444446
3 0.605078125 0.6368055555555555 0.00849609375 0.019444444444444445
3 0.054296875 0.5659722222222222 0.01005859375 0.01545138888888889
3 0.801953125 0.6743055555555556 0.009375 0.015104166666666667
0 0.413671875 0.04097222222222222 0.0125 0.011111111111111112
0 0.100390625 0.34930555555555554 0.0078125 0.017881944444444443
0 0.392578125 0.05763888888888889 0.01005859375 0.012673611111111111
3 0.207421875 0.65625 0.00556640625 0.019444444444444445
3 0.583984375 0.6659722222222222 0.0078125 0.013888888888888888
3 0.125390625 0.15625 0.009375 0.009895833333333333
3 0.05703125 0.5270833333333333 0.00615234375 0.016666666666666666
3 0.13828125 0.7638888888888888 0.00615234375 0.013888888888888888
2 0.134765625 0.8958333333333334 0.00556640625 0.0140625
2 0.315234375 0.15347222222222223 0.0046875 0.015104166666666667
3 0.051171875 0.5923611111111111 0.00400390625 0.009895833333333333
2 0.151171875 0.9361111111111111 0.03125 0.05