0 0.98046875 0.8298611111111112 0.0359375 0.075
0 0.785546875 0.7881944444444444 0.0296875 0.0484375
2 0.870703125 0.5548611111111111 0.0171875 0.05434027777777778
0 0.3296875 0.9618055555555556 0.025 0.03454861111111111
1 0.66953125 0.08263888888888889 0.03447265625 0.0234375
2 0.4546875 0.9131944444444444 0.02021484375 0.03732638888888889
0 0.680078125 0.6465277777777778 0.01494140625 0.042881944444444445
0 0.687890625 0.7590277777777777 0.01337890625 0.043229166666666666
1 0.554296875 0.06666666666666667 0.01494140625 0.036284722222222225
2 0.830859375 0.3284722222222222 0.01494140625 0.03211805555555555
2 0.188671875 0.8159722222222222 0.015625 0.030555555555555555
1 0.4234375 0.7340277777777777 0.0171875 0.0265625
0 0.73203125 0.9229166666666667 0.0171875 0.022222222222222223
2 0.851171875 0.6451388888888889 0.01494140625 0.02621527777777778
2 0.383203125 0.63125 0.01630859375 0.019444444444444445
2 0.129296875 0.6854166666666667 0.0125 0.02378472222222222
2 0.787109375 0.7625 0.0125 0.016840277777777777
2 0.44375 0.7368055555555556 0.00947265625 0.021006944444444446
2 0.896875 0.39444444444444443 0.00791015625 0.019618055555555555
2 0.333203125 0.6340277777777777 0.00712890625 0.015104166666666667