3 0.516796875 0.9284722222222223 0.095703125 0.10347222222222222
3 0.533203125 0.3576388888888889 0.033984375 0.06944444444444445
2 0.495703125 0.7979166666666667 0.037109375 0.052083333333333336
3 0.560546875 0.275 0.0375 0.035416666666666666
2 0.378125 0.17708333333333334 0.0234375 0.044444444444444446
2 0.5796875 0.9104166666666667 0.021875 0.04236111111111111
3 0.590625 0.33125 0.015234375 0.059027777777777776
2 0.362890625 0.19930555555555557 0.015625 0.044444444444444446
2 0.576953125 0.3263888888888889 0.012109375 0.05486111111111111
2 0.474609375 0.29930555555555555 0.015234375 0.019444444444444445
2 0.56484375 0.30416666666666664 0.008203125 0.03611111111111111
3 0.599609375 0.29305555555555557 0.012109375 0.02013888888888889
2 0.556640625 0.33541666666666664 0.009765625 0.01597222222222222
2 0.5484375 0.33125 0.008984375 0.014583333333333334
2 0.485546875 0.2902777777777778 0.005859375 0.01597222222222222