3 0.666015625 0.8277777777777777 0.09375 0.09097222222222222
3 0.253515625 0.4340277777777778 0.03125 0.1
3 0.707421875 0.6215277777777778 0.031640625 0.05347222222222222
2 0.543359375 0.93125 0.031640625 0.04236111111111111
2 0.280078125 0.5868055555555556 0.021875 0.034027777777777775
2 0.2828125 0.65625 0.018359375 0.03958333333333333
2 0.64296875 0.9555555555555556 0.019140625 0.03680555555555556
2 0.358984375 0.9729166666666667 0.0125 0.05347222222222222
2 0.80390625 0.5958333333333333 0.021484375 0.02847222222222222
2 0.321875 0.6451388888888889 0.0078125 0.03611111111111111
2 0.284765625 0.8611111111111112 0.007421875 0.013194444444444444