3 0.3421875 0.8854166666666666 0.0671875 0.10208333333333333
0 0.342578125 0.8590277777777777 0.037109375 0.075
3 0.1140625 0.59375 0.027734375 0.08958333333333333
3 0.55859375 0.7701388888888889 0.01875 0.06944444444444445
3 0.15859375 0.4951388888888889 0.0171875 0.07430555555555556
2 0.525390625 0.6881944444444444 0.0171875 0.04375
2 0.594921875 0.3576388888888889 0.015625 0.03958333333333333
2 0.604296875 0.32708333333333334 0.021484375 0.021527777777777778
2 0.301953125 0.33819444444444446 0.015234375 0.02847222222222222
3 0.15859375 0.8243055555555555 0.012109375 0.027777777777777776
2 0.50078125 0.7145833333333333 0.014453125 0.022222222222222223
2 0.256640625 0.6041666666666666 0.014453125 0.019444444444444445
2 0.2453125 0.7291666666666666 0.012109375 0.022916666666666665
2 0.322265625 0.13541666666666666 0.011328125 0.024305555555555556
2 0.22890625 0.6958333333333333 0.011328125 0.022916666666666665
2 0.426171875 0.8673611111111111 0.008984375 0.02013888888888889
2 0.179296875 0.7013888888888888 0.00625 0.027777777777777776
2 0.141796875 0.6423611111111112 0.008984375 0.01875
2 0.2140625 0.7868055555555555 0.008203125 0.01597222222222222
3 0.168359375 0.3090277777777778 0.036328125 0.041666666666666664