2 0.30078125 0.49375 0.0375 0.05277777777777778
0 0.419140625 0.3013888888888889 0.04375 0.041666666666666664
2 0.707421875 0.5520833333333334 0.0328125 0.05486111111111111
2 0.462890625 0.7854166666666667 0.023046875 0.03680555555555556
2 0.46484375 0.7569444444444444 0.023828125 0.03333333333333333
2 0.56640625 0.60625 0.019140625 0.035416666666666666
2 0.55546875 0.6520833333333333 0.012890625 0.03680555555555556
2 0.5015625 0.9520833333333333 0.015625 0.025694444444444443
2 0.48046875 0.9451388888888889 0.012109375 0.025694444444444443
2 0.26953125 0.7215277777777778 0.015234375 0.019444444444444445
2 0.171875 0.44583333333333336 0.019921875 0.00625
2 0.258984375 0.6208333333333333 0.005859375 0.013888888888888888
2 0.1390625 0.39166666666666666 0.00625 0.009027777777777777
3 0.372265625 0.7694444444444445 0.056640625 0.058333333333333334