3 0.0484375 0.6104166666666667 0.019921875 0.07708333333333334
0 0.345703125 0.8694444444444445 0.024609375 0.05625
0 0.398046875 0.6645833333333333 0.028515625 0.044444444444444446
0 0.44375 0.32569444444444445 0.032421875 0.030555555555555555
2 0.340234375 0.09236111111111112 0.0171875 0.03611111111111111
0 0.1484375 0.36527777777777776 0.013671875 0.041666666666666664
0 0.70078125 0.7909722222222222 0.015625 0.03125
0 0.72265625 0.5743055555555555 0.015234375 0.030555555555555555
0 0.787109375 0.6618055555555555 0.018359375 0.022222222222222223
0 0.691015625 0.7298611111111111 0.018359375 0.021527777777777778
3 0.194921875 0.29583333333333334 0.010546875 0.029861111111111113
2 0.105859375 0.6868055555555556 0.011328125 0.025694444444444443
0 0.779296875 0.6888888888888889 0.008203125 0.034027777777777775
0 0.824609375 0.6930555555555555 0.0140625 0.01875
2 0.966015625 0.4666666666666667 0.004296875 0.04791666666666667
3 0.3421875 0.64375 0.009765625 0.01875
3 0.752734375 0.6618055555555555 0.006640625 0.025694444444444443
0 0.37734375 0.6048611111111111 0.008984375 0.01875
2 0.665625 0.40625 0.009765625 0.01597222222222222
3 0.38125 0.35347222222222224 0.009375 0.01597222222222222
2 0.235546875 0.24930555555555556 0.008203125 0.017361111111111112
3 0.339453125 0.5631944444444444 0.007421875 0.019444444444444445
0 0.769140625 0.7451388888888889 0.005859375 0.022222222222222223
2 0.094921875 0.7020833333333333 0.0140625 0.009027777777777777
0 0.422265625 0.5159722222222223 0.009375 0.013888888888888888
0 0.052734375 0.7270833333333333 0.0078125 0.01597222222222222
0 0.277734375 0.5006944444444444 0.007421875 0.014583333333333334
3 0.243359375 0.6590277777777778 0.007421875 0.014583333333333334
2 0.958984375 0.49444444444444446 0.0046875 0.021527777777777778
3 0.680859375 0.6895833333333333 0.00625 0.013888888888888888
2 0.112109375 0.6798611111111111 0.00625 0.014583333333333334
3 0.100390625 0.5888888888888889 0.005078125 0.014583333333333334
3 0.367578125 0.3875 0.00625 0.011111111111111112
3 0.255859375 0.7138888888888889 0.004296875 0.013888888888888888
3 0.101953125 0.7243055555555555 0.005859375 0.007638888888888889
3 0.051953125 0.7520833333333333 0.0046875 0.007638888888888889
3 0.112109375 0.7111111111111111 0.005078125 0.00625
3 0.1171875 0.6986111111111111 0.002734375 0.011805555555555555
3 0.359765625 0.36180555555555555 0.004296875 0.007638888888888889
3 0.27890625 0.041666666666666664 0.011328125 0.025694444444444443