0 0.495703125 0.9201388888888888 0.026171875 0.050694444444444445
0 0.848046875 0.5944444444444444 0.0234375 0.05555555555555555
3 0.290234375 0.07569444444444444 0.021875 0.04791666666666667
0 0.6765625 0.30833333333333335 0.022265625 0.034027777777777775
3 0.409765625 0.5430555555555555 0.020703125 0.034027777777777775
0 0.261328125 0.3951388888888889 0.012109375 0.05486111111111111
3 0.152734375 0.9354166666666667 0.01875 0.027777777777777776
3 0.806640625 0.5402777777777777 0.016015625 0.03263888888888889
0 0.7953125 0.69375 0.0125 0.03611111111111111
0 0.5515625 0.6979166666666666 0.0140625 0.03263888888888889
3 0.893359375 0.2423611111111111 0.011328125 0.03958333333333333
2 0.254296875 0.9736111111111111 0.0109375 0.03680555555555556
3 0.859765625 0.13541666666666666 0.012890625 0.030555555555555555
0 0.765234375 0.7354166666666667 0.0109375 0.03611111111111111
0 0.78359375 0.8854166666666666 0.015234375 0.025
3 0.705859375 0.9881944444444445 0.019921875 0.019444444444444445
3 0.732421875 0.9493055555555555 0.013671875 0.027083333333333334
0 0.3078125 0.13819444444444445 0.014453125 0.025
2 0.325 0.3326388888888889 0.014453125 0.024305555555555556
0 0.78828125 0.7354166666666667 0.013671875 0.027083333333333334
2 0.638671875 0.12569444444444444 0.0109375 0.03125
0 0.2703125 0.13333333333333333 0.016015625 0.021527777777777778
2 0.76875 0.4423611111111111 0.0125 0.027777777777777776
2 0.83671875 0.1701388888888889 0.00625 0.05277777777777778
3 0.34296875 0.22083333333333333 0.008984375 0.03611111111111111
3 0.355859375 0.6131944444444445 0.012890625 0.024305555555555556
3 0.3546875 0.022916666666666665 0.009765625 0.03125
3 0.849609375 0.2388888888888889 0.014453125 0.019444444444444445
3 0.320703125 0.3993055555555556 0.016796875 0.01597222222222222
2 0.633203125 0.15138888888888888 0.012890625 0.02013888888888889
3 0.5921875 0.11875 0.012109375 0.022222222222222223
3 0.214453125 0.9333333333333333 0.012109375 0.021527777777777778
3 0.530078125 0.11666666666666667 0.011328125 0.021527777777777778
3 0.370703125 0.5180555555555556 0.012109375 0.019444444444444445
3 0.333984375 0.014583333333333334 0.012109375 0.01875
3 0.782421875 0.2111111111111111 0.0109375 0.02013888888888889
2 0.787109375 0.16041666666666668 0.007421875 0.030555555555555555
2 0.462109375 0.7868055555555555 0.010546875 0.02013888888888889
3 0.70234375 0.9333333333333333 0.008203125 0.024305555555555556
3 0.195703125 0.5701388888888889 0.00625 0.03263888888888889
3 0.3046875 0.05 0.0109375 0.017361111111111112
3 0.190234375 0.8361111111111111 0.008203125 0.022916666666666665
0 0.073046875 0.1840277777777778 0.007421875 0.025694444444444443
2 0.755859375 0.3076388888888889 0.0109375 0.016666666666666666
3 0.757421875 0.9006944444444445 0.013671875 0.013194444444444444
2 0.465234375 0.85 0.0078125 0.022222222222222223
3 0.319921875 0.4173611111111111 0.012109375 0.013194444444444444
3 0.793359375 0.4618055555555556 0.006640625 0.022916666666666665
3 0.310546875 0.2972222222222222 0.00625 0.025
0 0.873046875 0.19236111111111112 0.009375 0.01597222222222222
2 0.028515625 0.38125 0.00625 0.022222222222222223
3 0.339453125 0.46597222222222223 0.0109375 0.011805555555555555
2 0.559765625 0.03125 0.009375 0.013888888888888888
3 0.78203125 0.27847222222222223 0.007421875 0.01597222222222222
3 0.758984375 0.6895833333333333 0.008203125 0.013194444444444444
0 0.376953125 0.8284722222222223 0.009375 0.011805555555555555
3 0.211328125 0.8854166666666666 0.007421875 0.01597222222222222
3 0.336328125 0.2743055555555556 0.0078125 0.011805555555555555
2 0.869921875 0.30416666666666664 0.006640625 0.013888888888888888
3 0.300390625 0.3388888888888889 0.00625 0.01597222222222222
3 0.887890625 0.4673611111111111 0.004296875 0.022222222222222223
2 0.368359375 0.7034722222222223 0.00625 0.013888888888888888
3 0.330078125 0.16319444444444445 0.0078125 0.010416666666666666
2 0.786328125 0.19236111111111112 0.008984375 0.009027777777777777
3 0.054296875 0.8659722222222223 0.005078125 0.01597222222222222
3 0.350390625 0.44513888888888886 0.004296875 0.01875
2 0.403125 0.8486111111111111 0.004296875 0.01597222222222222
3 0.325 0.1798611111111111 0.003515625 0.017361111111111112
3 0.007421875 0.7770833333333333 0.00625 0.010416666666666666
3 0.30859375 0.34305555555555556 0.005078125 0.011111111111111112
3 0.220703125 0.7159722222222222 0.0046875 0.011111111111111112
3 0.162890625 0.7305555555555555 0.00625 0.007638888888888889
2 0.410546875 0.8090277777777778 0.004296875 0.009027777777777777
3 0.337890625 0.4465277777777778 0.005859375 0.00625
3 0.78125 0.23541666666666666 0.004296875 0.014583333333333334