2 0.610546875 0.39791666666666664 0.034375 0.05
2 0.57265625 0.6465277777777778 0.028125 0.05486111111111111
0 0.375390625 0.4583333333333333 0.015625 0.06458333333333334
2 0.621484375 0.36875 0.020703125 0.03263888888888889
2 0.5609375 0.5493055555555556 0.014453125 0.04652777777777778
2 0.594140625 0.6520833333333333 0.013671875 0.044444444444444446
2 0.674609375 0.4354166666666667 0.015625 0.03263888888888889
2 0.467578125 0.24791666666666667 0.0109375 0.04513888888888889
2 0.687890625 0.3472222222222222 0.014453125 0.030555555555555555
2 0.495703125 0.3611111111111111 0.016796875 0.025694444444444443
2 0.551953125 0.6673611111111111 0.012890625 0.027777777777777776
2 0.691015625 0.875 0.011328125 0.027777777777777776
2 0.74375 0.9368055555555556 0.012890625 0.019444444444444445
2 0.418359375 0.40347222222222223 0.009765625 0.024305555555555556
2 0.5078125 0.5951388888888889 0.0109375 0.021527777777777778
2 0.292578125 0.5840277777777778 0.0109375 0.02013888888888889
2 0.660546875 0.36527777777777776 0.0125 0.016666666666666666
0 0.620703125 0.9430555555555555 0.0078125 0.025
2 0.116796875 0.15625 0.006640625 0.027083333333333334
2 0.49140625 0.18958333333333333 0.008984375 0.02013888888888889
2 0.167578125 0.28680555555555554 0.007421875 0.021527777777777778
2 0.92578125 0.4354166666666667 0.0078125 0.017361111111111112
2 0.47578125 0.1451388888888889 0.008203125 0.014583333333333334
2 0.437890625 0.125 0.0078125 0.014583333333333334
2 0.680078125 0.9409722222222222 0.008203125 0.013194444444444444
2 0.437109375 0.27569444444444446 0.005859375 0.011111111111111112