2 0.533984375 0.6979166666666666 0.03662109375 0.06545138888888889
3 0.458984375 0.7055555555555556 0.03818359375 0.02795138888888889
3 0.02265625 0.19722222222222222 0.01103515625 0.0390625
3 0.3859375 0.6743055555555556 0.01884765625 0.03333333333333333
0 0.070703125 0.2326388888888889 0.009375 0.030555555555555555
0 0.037109375 0.4125 0.00869140625 0.027777777777777776
3 0.373828125 0.6555555555555556 0.0109375 0.022222222222222223
0 0.362109375 0.6159722222222223 0.01162109375 0.02065972222222222
3 0.09140625 0.16875 0.00947265625 0.0234375
2 0.39375 0.7236111111111111 0.00927734375 0.022395833333333334
2 0.56953125 0.4756944444444444 0.01416015625 0.0265625
3 0.445703125 0.7486111111111111 0.01181640625 0.013888888888888888
3 0.364453125 0.7631944444444444 0.0125 0.013888888888888888
0 0.353515625 0.6006944444444444 0.00693359375 0.018229166666666668
0 0.068359375 0.16319444444444445 0.00625 0.019444444444444445
3 0.508984375 0.2534722222222222 0.00625 0.015104166666666667
3 0.0796875 0.18680555555555556 0.0046875 0.02065972222222222
0 0.089453125 0.2048611111111111 0.00556640625 0.013888888888888888
3 0.0796875 0.22083333333333333 0.00615234375 0.013888888888888888
3 0.071484375 0.3020833333333333 0.003125 0.019444444444444445
3 0.5796875 0.42916666666666664 0.00615234375 0.0109375
3 0.083984375 0.28194444444444444 0.00380859375 0.013888888888888888
3 0.005078125 0.26458333333333334 0.00380859375 0.01545138888888889
3 0.0703125 0.28541666666666665 0.0046875 0.009895833333333333
3 0.003515625 0.29305555555555557 0.00537109375 0.008333333333333333
3 0.048828125 0.2986111111111111 0.00400390625 0.008506944444444444
3 0.060546875 0.22152777777777777 0.00537109375 0.0067708333333333336
3 0.07109375 0.2722222222222222 0.00322265625 0.008333333333333333
3 0.055078125 0.2659722222222222 0.003125 0.009548611111111112
3 0.578515625 0.19305555555555556 0.0046875 0.008333333333333333