3 0.155859375 0.5180555555555556 0.025390625 0.07291666666666667
2 0.186328125 0.22430555555555556 0.0234375 0.04513888888888889
3 0.087890625 0.19791666666666666 0.016015625 0.059027777777777776
0 0.054296875 0.2326388888888889 0.015625 0.050694444444444445
3 0.137109375 0.3104166666666667 0.015234375 0.03958333333333333
2 0.53984375 0.3277777777777778 0.0140625 0.03819444444444445
3 0.112890625 0.5020833333333333 0.017578125 0.027083333333333334
2 0.142578125 0.2743055555555556 0.015625 0.029861111111111113
2 0.493359375 0.8048611111111111 0.016015625 0.027083333333333334
2 0.669140625 0.4583333333333333 0.0203125 0.017361111111111112
2 0.234765625 0.4673611111111111 0.0125 0.02847222222222222
2 0.203515625 0.43472222222222223 0.011328125 0.027083333333333334
2 0.6390625 0.14097222222222222 0.011328125 0.022222222222222223
2 0.31015625 0.7784722222222222 0.008203125 0.02847222222222222
2 0.133203125 0.6534722222222222 0.0078125 0.025694444444444443
2 0.644921875 0.15694444444444444 0.009375 0.019444444444444445
2 0.215234375 0.2013888888888889 0.00625 0.025
2 0.21640625 0.8854166666666666 0.007421875 0.016666666666666666
3 0.1328125 0.18125 0.017578125 0.024305555555555556