1 0.75546875 0.8777777777777778 0.028515625 0.059027777777777776
1 0.73359375 0.6493055555555556 0.020703125 0.04791666666666667
1 0.685546875 0.6090277777777777 0.031640625 0.03125
1 0.634765625 0.6305555555555555 0.019921875 0.04513888888888889
1 0.279296875 0.6840277777777778 0.018359375 0.04652777777777778
1 0.1578125 0.7958333333333333 0.02265625 0.035416666666666666
1 0.122265625 0.6972222222222222 0.030078125 0.025
1 0.366796875 0.8402777777777778 0.019140625 0.0375
1 0.733984375 0.60625 0.015625 0.04236111111111111
1 0.5609375 0.7444444444444445 0.016015625 0.04097222222222222
1 0.582421875 0.8159722222222222 0.018359375 0.034027777777777775
1 0.358984375 0.9819444444444444 0.018359375 0.034027777777777775
1 0.598828125 0.8194444444444444 0.026171875 0.022222222222222223
1 0.216796875 0.7736111111111111 0.017578125 0.03125
1 0.436328125 0.65 0.026171875 0.020833333333333332
1 0.57578125 0.7291666666666666 0.015234375 0.035416666666666666
1 0.099609375 0.7069444444444445 0.01328125 0.03958333333333333
1 0.625 0.7527777777777778 0.01640625 0.03125
1 0.201953125 0.6979166666666666 0.014453125 0.035416666666666666
1 0.361328125 0.6590277777777778 0.010546875 0.044444444444444446
1 0.59140625 0.7993055555555556 0.020703125 0.021527777777777778
1 0.669921875 0.58125 0.009765625 0.04236111111111111
1 0.610546875 0.7736111111111111 0.01171875 0.035416666666666666
1 0.543359375 0.8305555555555556 0.0125 0.03263888888888889
1 0.6921875 0.5041666666666667 0.0109375 0.03611111111111111
1 0.237109375 0.5583333333333333 0.012890625 0.029166666666666667
1 0.5125 0.5263888888888889 0.0140625 0.025694444444444443
1 0.47265625 0.5166666666666667 0.013671875 0.022222222222222223
1 0.292578125 0.5944444444444444 0.021484375 0.013888888888888888
1 0.459375 0.9826388888888888 0.00859375 0.034027777777777775
1 0.2828125 0.55 0.007421875 0.029861111111111113
1 0.647265625 0.6729166666666667 0.006640625 0.03125
1 0.469921875 0.46875 0.017578125 0.024305555555555556