0 0.416796875 0.8618055555555556 0.01943359375 0.025
2 0.590234375 0.3333333333333333 0.01962890625 0.025
0 0.4390625 0.7548611111111111 0.01103515625 0.019444444444444445
2 0.60390625 0.8805555555555555 0.00458984375 0.05295138888888889
2 0.778515625 0.7645833333333333 0.01318359375 0.012326388888888888
0 0.788671875 0.44375 0.01025390625 0.011111111111111112
2 0.603515625 0.7298611111111111 0.00625 0.011111111111111112
2 0.223828125 0.6618055555555555 0.00693359375 0.007118055555555555
2 0.812890625 0.7847222222222222 0.003125 0.0140625
2 0.13515625 0.5930555555555556 0.00322265625 0.008333333333333333
2 0.726171875 0.28125 0.003125 0.009895833333333333
2 0.7140625 0.2986111111111111 0.003125 0.008506944444444444
2 0.71015625 0.25833333333333336 0.003125 0.008159722222222223
2 0.333203125 0.3402777777777778 0.003125 0.005729166666666666
2 0.424609375 0.8909722222222223 0.003125 0.005555555555555556
2 0.336328125 0.37083333333333335 0.00244140625 0.005729166666666666
2 0.228515625 0.9534722222222223 0.003125 0.005555555555555556
2 0.2078125 0.90625 0.003125 0.005555555555555556
2 0.230078125 0.8993055555555556 0.003125 0.004340277777777778
2 0.623046875 0.3840277777777778 0.00244140625 0.0067708333333333336
2 0.426953125 0.8881944444444444 0.00244140625 0.005555555555555556
2 0.423828125 0.9027777777777778 0.00224609375 0.005555555555555556
2 0.3453125 0.29375 0.00166015625 0.0067708333333333336
2 0.230859375 0.9631944444444445 0.003125 0.003993055555555555
2 0.723828125 0.3347222222222222 0.00224609375 0.005381944444444444
2 0.22421875 0.9826388888888888 0.00302734375 0.003993055555555555
2 0.233984375 0.9611111111111111 0.0015625 0.002951388888888889
2 0.82578125 0.5645833333333333 0.00166015625 0.002777777777777778
2 0.826171875 0.5618055555555556 0.0015625 0.003993055555555555