0 0.541796875 0.7909722222222222 0.032421875 0.03958333333333333
0 0.267578125 0.31666666666666665 0.0171875 0.049305555555555554
2 0.453125 0.4965277777777778 0.022265625 0.03611111111111111
0 0.35390625 0.15763888888888888 0.016015625 0.03819444444444445
0 0.563671875 0.3840277777777778 0.0140625 0.03819444444444445
3 0.39296875 0.31805555555555554 0.016796875 0.030555555555555555
0 0.937890625 0.6923611111111111 0.0109375 0.04236111111111111
2 0.47421875 0.7423611111111111 0.016796875 0.019444444444444445
0 0.6609375 0.8680555555555556 0.011328125 0.027083333333333334
2 0.48125 0.6798611111111111 0.012890625 0.01597222222222222
0 0.92265625 0.8743055555555556 0.0078125 0.024305555555555556
0 0.937890625 0.9131944444444444 0.008203125 0.022916666666666665
2 0.54609375 0.8548611111111111 0.015625 0.011111111111111112
2 0.193359375 0.3375 0.008984375 0.01875
3 0.479296875 0.7923611111111111 0.006640625 0.022222222222222223
2 0.491015625 0.6895833333333333 0.008984375 0.01597222222222222
2 0.135546875 0.525 0.0078125 0.017361111111111112