3 0.692578125 0.23680555555555555 0.045703125 0.05347222222222222
0 0.753515625 0.29375 0.015625 0.06458333333333334
3 0.4109375 0.50625 0.017578125 0.04236111111111111
3 0.789453125 0.5861111111111111 0.018359375 0.03680555555555556
0 0.784375 0.7694444444444445 0.014453125 0.027083333333333334
0 0.854296875 0.4131944444444444 0.009765625 0.030555555555555555
0 0.743359375 0.28888888888888886 0.011328125 0.022916666666666665
0 0.738671875 0.24166666666666667 0.012890625 0.02013888888888889
0 0.829296875 0.3472222222222222 0.0125 0.021527777777777778
3 0.415234375 0.3173611111111111 0.0109375 0.024305555555555556
2 0.910546875 0.7888888888888889 0.0109375 0.021527777777777778
3 0.839453125 0.6527777777777778 0.008203125 0.019444444444444445
3 0.862890625 0.6972222222222222 0.008984375 0.01875
3 0.440625 0.42986111111111114 0.012109375 0.010416666666666666
3 0.679296875 0.3013888888888889 0.009375 0.011111111111111112
3 0.557421875 0.4840277777777778 0.010546875 0.009027777777777777
0 0.62109375 0.21041666666666667 0.009765625 0.019444444444444445