3 0.952734375 0.8993055555555556 0.023046875 0.07430555555555556
2 0.703515625 0.7875 0.0375 0.044444444444444446
2 0.861328125 0.5993055555555555 0.0171875 0.05555555555555555
3 0.688671875 0.7520833333333333 0.026953125 0.029861111111111113
2 0.50390625 0.2548611111111111 0.019921875 0.03611111111111111
3 0.103515625 0.4444444444444444 0.015625 0.03819444444444445
3 0.403515625 0.09097222222222222 0.0171875 0.030555555555555555
2 0.899609375 0.7965277777777777 0.014453125 0.030555555555555555
3 0.170703125 0.6347222222222222 0.012109375 0.022916666666666665
2 0.665234375 0.8458333333333333 0.0109375 0.025694444444444443
2 0.932421875 0.50625 0.0078125 0.03125
3 0.244921875 0.8604166666666667 0.010546875 0.019444444444444445
3 0.656640625 0.8986111111111111 0.0109375 0.01875
3 0.840234375 0.32569444444444445 0.006640625 0.027777777777777776
3 0.036328125 0.4375 0.008984375 0.021527777777777778
3 0.640234375 0.7743055555555556 0.010546875 0.017361111111111112
3 0.1265625 0.6006944444444444 0.0078125 0.022222222222222223
3 0.047265625 0.6375 0.006640625 0.01597222222222222
3 0.01171875 0.7131944444444445 0.00625 0.016666666666666666
3 0.930078125 0.4340277777777778 0.005859375 0.017361111111111112