0 0.36796875 0.7388888888888889 0.03125 0.0609375
0 0.85546875 0.40694444444444444 0.02353515625 0.0640625
0 0.4078125 0.7756944444444445 0.021875 0.03211805555555555
0 0.206640625 0.8368055555555556 0.02255859375 0.029340277777777778
0 0.611328125 0.8590277777777777 0.01650390625 0.03888888888888889
0 0.880078125 0.7222222222222222 0.01474609375 0.041493055555555554
3 0.576953125 0.6159722222222223 0.01494140625 0.03211805555555555
0 0.951171875 0.42291666666666666 0.01318359375 0.03732638888888889
0 0.71484375 0.8631944444444445 0.01708984375 0.028993055555555557
3 0.470703125 0.5458333333333333 0.01875 0.019270833333333334
0 0.876953125 0.775 0.01650390625 0.019270833333333334
3 0.5875 0.46458333333333335 0.01083984375 0.02621527777777778
3 0.829296875 0.3104166666666667 0.00849609375 0.01545138888888889
3 0.687109375 0.3416666666666667 0.00537109375 0.044444444444444446