2 0.675 0.7881944444444444 0.0296875 0.03194444444444444
2 0.448828125 0.8520833333333333 0.0171875 0.05
2 0.486328125 0.8520833333333333 0.025 0.016666666666666666
2 0.06953125 0.7104166666666667 0.0201171875 0.011111111111111112
2 0.520703125 0.7680555555555556 0.0109375 0.01423611111111111
1 0.2984375 0.6 0.0126953125 0.011111111111111112
2 0.33046875 0.6736111111111112 0.0169921875 0.008680555555555556
2 0.703515625 0.7798611111111111 0.00859375 0.015277777777777777
2 0.6265625 0.8618055555555556 0.0095703125 0.0125
2 0.358984375 0.7618055555555555 0.0109375 0.009722222222222222
2 0.452734375 0.7111111111111111 0.0125 0.008333333333333333
2 0.326171875 0.7118055555555556 0.00859375 0.011111111111111112
1 0.467578125 0.5909722222222222 0.01015625 0.009722222222222222
2 0.241796875 0.7097222222222223 0.00859375 0.011111111111111112
2 0.240234375 0.7576388888888889 0.009375 0.008333333333333333
2 0.016015625 0.7 0.009375 0.005555555555555556
2 0.390234375 0.6986111111111111 0.00703125 0.00798611111111111
2 0.034375 0.7083333333333334 0.0060546875 0.010763888888888889
2 0.3171875 0.6520833333333333 0.0060546875 0.008333333333333333
2 0.05625 0.6729166666666667 0.0060546875 0.006944444444444444
2 0.718359375 0.8347222222222223 0.00546875 0.00798611111111111
2 0.0171875 0.7381944444444445 0.0126953125 0.015277777777777777