0 0.272265625 0.09444444444444444 0.03125 0.04704861111111111
0 0.84140625 0.8 0.0203125 0.04722222222222222
3 0.5171875 0.21666666666666667 0.02509765625 0.030555555555555555
0 0.742578125 0.9458333333333333 0.02412109375 0.03315972222222222
2 0.4609375 0.12916666666666668 0.01884765625 0.03611111111111111
2 0.377734375 0.9013888888888889 0.02587890625 0.024826388888888887
0 0.50390625 0.20416666666666666 0.01875 0.030381944444444444
2 0.309765625 0.17847222222222223 0.0171875 0.03177083333333333
2 0.843359375 0.59375 0.01650390625 0.028993055555555557
2 0.829296875 0.5986111111111111 0.01025390625 0.041840277777777775
2 0.32265625 0.33125 0.0125 0.030555555555555555
2 0.563671875 0.7444444444444445 0.01025390625 0.02795138888888889
2 0.033203125 0.5638888888888889 0.009375 0.024826388888888887
2 0.144921875 0.3784722222222222 0.009375 0.016666666666666666
2 0.408984375 0.1284722222222222 0.00869140625 0.012673611111111111