3 0.30859375 0.8784722222222222 0.034375 0.09010416666666667
0 0.4078125 0.4798611111111111 0.0328125 0.059895833333333336
0 0.1625 0.7701388888888889 0.02197265625 0.04722222222222222
2 0.138671875 0.7319444444444444 0.01337890625 0.044444444444444446
0 0.074609375 0.6145833333333334 0.01005859375 0.03177083333333333
2 0.05 0.3506944444444444 0.00771484375 0.0265625
2 0.1359375 0.13333333333333333 0.00791015625 0.022048611111111113
2 0.242578125 0.7104166666666667 0.01162109375 0.01545138888888889
2 0.31328125 0.20555555555555555 0.0078125 0.019270833333333334
2 0.083984375 0.19930555555555557 0.00693359375 0.01545138888888889
2 0.09921875 0.6270833333333333 0.00625 0.012673611111111111
2 0.146484375 0.4673611111111111 0.00556640625 0.012673611111111111
2 0.253515625 0.2916666666666667 0.0046875 0.0109375
2 0.169140625 0.425 0.00380859375 0.008506944444444444