0 0.329296875 0.7090277777777778 0.036328125 0.08125
3 0.245703125 0.6888888888888889 0.023828125 0.07291666666666667
3 0.7375 0.2076388888888889 0.023828125 0.05
3 0.985546875 0.2972222222222222 0.019140625 0.058333333333333334
2 0.836328125 0.5284722222222222 0.016796875 0.06180555555555556
3 0.8328125 0.6875 0.016015625 0.06388888888888888
3 0.394921875 0.6104166666666667 0.017578125 0.05
2 0.24296875 0.29305555555555557 0.0203125 0.03819444444444445
2 0.4078125 0.5166666666666667 0.0171875 0.03958333333333333
3 0.6109375 0.7847222222222222 0.011328125 0.04722222222222222
2 0.747265625 0.4354166666666667 0.012109375 0.04513888888888889
2 0.132421875 0.5381944444444444 0.013671875 0.03888888888888889
3 0.598046875 0.7743055555555556 0.014453125 0.035416666666666666
2 0.63125 0.4131944444444444 0.016015625 0.030555555555555555
2 0.806640625 0.20555555555555555 0.012890625 0.03125
2 0.816796875 0.6083333333333333 0.019140625 0.021527777777777778
2 0.682421875 0.36180555555555555 0.007421875 0.05555555555555555
3 0.986328125 0.33125 0.008984375 0.04375
3 0.753515625 0.3715277777777778 0.012109375 0.03125
0 0.65703125 0.3548611111111111 0.013671875 0.025694444444444443
2 0.747265625 0.31319444444444444 0.0109375 0.027777777777777776
2 0.19140625 0.5590277777777778 0.0125 0.022916666666666665
3 0.4734375 0.4048611111111111 0.012109375 0.022916666666666665
0 0.774609375 0.7347222222222223 0.010546875 0.027083333333333334
2 0.725390625 0.2826388888888889 0.012109375 0.021527777777777778
3 0.8640625 0.6541666666666667 0.005078125 0.04652777777777778
2 0.177734375 0.2076388888888889 0.009765625 0.024305555555555556
3 0.4140625 0.5701388888888889 0.008984375 0.024305555555555556
2 0.791796875 0.25625 0.009765625 0.021527777777777778
2 0.798828125 0.70625 0.009375 0.021527777777777778
2 0.82421875 0.4 0.0109375 0.016666666666666666
2 0.161328125 0.45902777777777776 0.012109375 0.014583333333333334
2 0.262890625 0.9604166666666667 0.004296875 0.04097222222222222
3 0.420703125 0.4979166666666667 0.004296875 0.03958333333333333
3 0.195703125 0.28541666666666665 0.004296875 0.04097222222222222
2 0.171484375 0.45208333333333334 0.012890625 0.011805555555555555
2 0.837890625 0.27152777777777776 0.0078125 0.01875
2 0.864453125 0.5368055555555555 0.008203125 0.01875
2 0.93359375 0.46875 0.0078125 0.016666666666666666
2 0.764453125 0.5291666666666667 0.0046875 0.025694444444444443
3 0.779296875 0.5993055555555555 0.0078125 0.01597222222222222
2 0.592578125 0.35625 0.0078125 0.013888888888888888
3 0.365234375 0.15486111111111112 0.011328125 0.010416666666666666
3 0.858203125 0.50625 0.005078125 0.02013888888888889
3 0.761328125 0.36180555555555555 0.008203125 0.013194444444444444
2 0.70703125 0.21597222222222223 0.005859375 0.01875
3 0.337890625 0.10416666666666667 0.009375 0.011111111111111112
3 0.228125 0.24722222222222223 0.007421875 0.013194444444444444
2 0.65546875 0.6986111111111111 0.003515625 0.025
2 0.142578125 0.56875 0.004296875 0.019444444444444445
2 0.195703125 0.36666666666666664 0.003125 0.022222222222222223
2 0.645703125 0.24305555555555555 0.004296875 0.01597222222222222
3 0.210546875 0.26319444444444445 0.004296875 0.011111111111111112
2 0.644140625 0.23541666666666666 0.002734375 0.01597222222222222
3 0.808984375 0.49166666666666664 0.0046875 0.008333333333333333
0 0.782421875 0.35 0.017578125 0.044444444444444446