0 0.675390625 0.5326388888888889 0.03125 0.06180555555555556
2 0.359765625 0.49236111111111114 0.020703125 0.05
2 0.30703125 0.8284722222222223 0.014453125 0.03680555555555556
2 0.70703125 0.19722222222222222 0.012109375 0.03819444444444445
2 0.933203125 0.47152777777777777 0.011328125 0.035416666666666666
2 0.494921875 0.7104166666666667 0.016015625 0.024305555555555556
2 0.259765625 0.6395833333333333 0.0125 0.025
2 0.2359375 0.3472222222222222 0.009765625 0.029861111111111113
2 0.305078125 0.40902777777777777 0.009765625 0.024305555555555556
2 0.6609375 0.5854166666666667 0.013671875 0.016666666666666666
2 0.621484375 0.8201388888888889 0.010546875 0.01597222222222222