2 0.83671875 0.625 0.0421875 0.11649305555555556
2 0.9421875 0.3861111111111111 0.02333984375 0.07795138888888889
2 0.132421875 0.2423611111111111 0.01962890625 0.075
2 0.486328125 0.12777777777777777 0.0359375 0.03333333333333333
0 0.175390625 0.6875 0.028125 0.041666666666666664
2 0.0109375 0.2826388888888889 0.01884765625 0.05277777777777778
2 0.796875 0.5965277777777778 0.0234375 0.043229166666666666
2 0.918359375 0.24097222222222223 0.0140625 0.06267361111111111
0 0.121484375 0.6076388888888888 0.02431640625 0.03454861111111111
2 0.91796875 0.5340277777777778 0.015625 0.05277777777777778
2 0.768359375 0.6631944444444444 0.02255859375 0.028993055555555557
2 0.851171875 0.34375 0.01650390625 0.028993055555555557
2 0.464453125 0.4409722222222222 0.01337890625 0.028993055555555557
2 0.384375 0.11597222222222223 0.01708984375 0.0234375
2 0.273828125 0.12430555555555556 0.01162109375 0.028993055555555557
2 0.955859375 0.23680555555555555 0.01025390625 0.011111111111111112
2 0.88359375 0.2361111111111111 0.01708984375 0.027604166666666666