1 0.25078125 0.7527777777777778 0.037890625 0.04791666666666667
1 0.07734375 0.9208333333333333 0.034375 0.041666666666666664
1 0.55078125 0.9125 0.022265625 0.06458333333333334
1 0.139453125 0.8041666666666667 0.023828125 0.04722222222222222
1 0.940234375 0.66875 0.030078125 0.034722222222222224
1 0.08359375 0.9416666666666667 0.037109375 0.027083333333333334
1 0.77890625 0.6659722222222222 0.02890625 0.034722222222222224
1 0.176171875 0.6055555555555555 0.033984375 0.029166666666666667
1 0.059765625 0.9493055555555555 0.023828125 0.03819444444444445
1 0.015234375 0.6840277777777778 0.01640625 0.052083333333333336
1 0.358984375 0.6166666666666667 0.02265625 0.03680555555555556
1 0.27890625 0.675 0.031640625 0.027083333333333334
1 0.973828125 0.6840277777777778 0.031640625 0.027083333333333334
1 0.126953125 0.8104166666666667 0.0203125 0.03958333333333333
1 0.06015625 0.9090277777777778 0.03046875 0.02638888888888889
1 0.16484375 0.9444444444444444 0.026953125 0.02638888888888889
1 0.14453125 0.7659722222222223 0.022265625 0.03194444444444444
1 0.253125 0.9145833333333333 0.030859375 0.021527777777777778
1 0.39921875 0.6291666666666667 0.03125 0.020833333333333332
1 0.3109375 0.6715277777777777 0.023046875 0.02638888888888889
1 0.97734375 0.6222222222222222 0.02421875 0.025
1 0.8359375 0.425 0.014453125 0.035416666666666666
1 0.3328125 0.7631944444444444 0.030078125 0.017361111111111112
1 0.27890625 0.6618055555555555 0.026953125 0.01875
1 0.406640625 0.6222222222222222 0.026953125 0.017361111111111112
1 0.007421875 0.7243055555555555 0.014453125 0.030555555555555555
1 0.700390625 0.48541666666666666 0.011328125 0.0375
1 0.004296875 0.6854166666666667 0.00859375 0.04722222222222222
1 0.57265625 0.49722222222222223 0.021484375 0.018055555555555554
1 0.277734375 0.5305555555555556 0.010546875 0.03263888888888889
1 0.75703125 0.4388888888888889 0.024609375 0.013888888888888888
1 0.75546875 0.47638888888888886 0.008203125 0.030555555555555555
1 0.747265625 0.46458333333333335 0.00859375 0.02847222222222222
1 0.7390625 0.4048611111111111 0.00859375 0.02847222222222222
1 0.7296875 0.4263888888888889 0.008984375 0.02638888888888889
1 0.707421875 0.4909722222222222 0.00859375 0.027083333333333334
2 0.723828125 0.8534722222222222 0.012109375 0.013194444444444444