0 0.711328125 0.2076388888888889 0.05380859375 0.09600694444444445
0 0.639453125 0.20902777777777778 0.04375 0.06666666666666667
0 0.3296875 0.28125 0.03740234375 0.07065972222222222
2 0.519140625 0.8520833333333333 0.03193359375 0.044444444444444446
2 0.41015625 0.5694444444444444 0.02646484375 0.05
2 0.252734375 0.3972222222222222 0.02744140625 0.044270833333333336
2 0.58359375 0.8229166666666666 0.01884765625 0.05677083333333333
2 0.64140625 0.5277777777777778 0.021875 0.04722222222222222
2 0.81796875 0.7527777777777778 0.02802734375 0.030555555555555555
2 0.535546875 0.7576388888888889 0.02568359375 0.029340277777777778
2 0.51953125 0.7381944444444445 0.021875 0.027777777777777776
2 0.36171875 0.4361111111111111 0.02177734375 0.027604166666666666
2 0.0578125 0.16458333333333333 0.02177734375 0.0265625
2 0.988671875 0.30694444444444446 0.01181640625 0.04704861111111111
2 0.93125 0.9236111111111112 0.01552734375 0.03315972222222222
2 0.508984375 0.26666666666666666 0.01337890625 0.03350694444444444
2 0.90234375 0.9215277777777777 0.015625 0.027777777777777776
2 0.814453125 0.7861111111111111 0.01875 0.022222222222222223
2 0.67421875 0.75625 0.0171875 0.0234375
2 0.862109375 0.3701388888888889 0.0171875 0.021006944444444446
2 0.283984375 0.1111111111111111 0.01337890625 0.022222222222222223
2 0.334765625 0.8534722222222222 0.01162109375 0.0265625
2 0.348046875 0.3611111111111111 0.00712890625 0.03871527777777778
2 0.9515625 0.6333333333333333 0.00791015625 0.03333333333333333
2 0.250390625 0.6958333333333333 0.01025390625 0.022048611111111113
2 0.930859375 0.8854166666666666 0.009375 0.02065972222222222
2 0.350390625 0.8451388888888889 0.00625 0.015104166666666667
2 0.530078125 0.78125 0.00849609375 0.016666666666666666