1 0.449609375 0.9291666666666667 0.03818359375 0.04704861111111111
1 0.237890625 0.9 0.02724609375 0.0609375
1 0.083203125 0.9215277777777777 0.02587890625 0.057118055555555554
1 0.25390625 0.9 0.02197265625 0.058506944444444445
1 0.416015625 0.5597222222222222 0.02568359375 0.04982638888888889
1 0.452734375 0.5722222222222222 0.03505859375 0.03315972222222222
1 0.438671875 0.5493055555555556 0.03037109375 0.034895833333333334
1 0.07109375 0.7944444444444444 0.02177734375 0.04739583333333333
1 0.501953125 0.7083333333333334 0.021875 0.03888888888888889
1 0.560546875 0.6118055555555556 0.01630859375 0.0515625
1 0.68046875 0.5645833333333333 0.02021484375 0.04010416666666667
1 0.43046875 0.6708333333333333 0.0234375 0.03333333333333333
1 0.659765625 0.65 0.03349609375 0.022048611111111113
1 0.33359375 0.7340277777777777 0.01396484375 0.04565972222222222
1 0.90234375 0.36180555555555555 0.03134765625 0.019444444444444445
1 0.580078125 0.6784722222222223 0.01328125 0.04600694444444445
1 0.64921875 0.44513888888888886 0.015625 0.03767361111111111
1 0.978125 0.35694444444444445 0.02802734375 0.022048611111111113
1 0.36484375 0.4361111111111111 0.0138671875 0.041493055555555554
1 0.43671875 0.58125 0.0169921875 0.03211805555555555
1 0.41953125 0.49722222222222223 0.0111328125 0.04461805555555556
1 0.5703125 0.3659722222222222 0.0126953125 0.04010416666666667
1 0.434765625 0.6486111111111111 0.02724609375 0.019444444444444445
1 0.458203125 0.4305555555555556 0.01171875 0.044097222222222225
1 0.43125 0.49375 0.01103515625 0.04565972222222222
1 0.659765625 0.6173611111111111 0.01181640625 0.04010416666666667
1 0.512109375 0.58125 0.02724609375 0.017881944444444443
1 0.5109375 0.5277777777777778 0.01259765625 0.036284722222222225
1 0.783984375 0.37083333333333335 0.01796875 0.025173611111111112
1 0.419140625 0.5895833333333333 0.02734375 0.016666666666666666
1 0.65546875 0.45555555555555555 0.01552734375 0.030381944444444444
1 0.416015625 0.6541666666666667 0.01005859375 0.04201388888888889
1 0.560546875 0.41805555555555557 0.01484375 0.02795138888888889
1 0.60625 0.5159722222222223 0.01083984375 0.03767361111111111
1 0.507421875 0.6166666666666667 0.01318359375 0.030381944444444444
1 0.597265625 0.5076388888888889 0.01015625 0.034722222222222224
1 0.35 0.49236111111111114 0.0109375 0.028993055555555557
1 0.903125 0.25555555555555554 0.0095703125 0.027777777777777776
1 0.871875 0.26944444444444443 0.01103515625 0.024826388888888887
1 0.5796875 0.36944444444444446 0.0091796875 0.030729166666666665
1 0.871484375 0.24444444444444444 0.01181640625 0.022048611111111113
1 0.854296875 0.23819444444444443 0.0140625 0.018055555555555554
1 0.424609375 0.5756944444444444 0.01787109375 0.012673611111111111
1 0.85390625 0.22430555555555556 0.01083984375 0.018055555555555554
1 0.86171875 0.2326388888888889 0.00791015625 0.02065972222222222
1 0.864453125 0.21944444444444444 0.01181640625 0.013715277777777778
2 0.847265625 0.6590277777777778 0.01025390625 0.008333333333333333