3 0.656640625 0.31805555555555554 0.029296875 0.08541666666666667
2 0.198046875 0.8298611111111112 0.027734375 0.08402777777777778
2 0.745703125 0.7868055555555555 0.021484375 0.03125
2 0.746484375 0.3416666666666667 0.012109375 0.03333333333333333
2 0.163671875 0.38125 0.016015625 0.024305555555555556
2 0.18359375 0.08055555555555556 0.011328125 0.029861111111111113
2 0.791796875 0.33819444444444446 0.007421875 0.04652777777777778
2 0.6015625 0.8569444444444444 0.015234375 0.021527777777777778
2 0.123828125 0.14375 0.010546875 0.02847222222222222
2 0.605859375 0.30486111111111114 0.0125 0.022916666666666665
2 0.894140625 0.28541666666666665 0.0140625 0.01597222222222222
2 0.92265625 0.31319444444444444 0.0078125 0.025
3 0.7984375 0.3402777777777778 0.007421875 0.025694444444444443
3 0.836328125 0.4576388888888889 0.006640625 0.024305555555555556
3 0.8828125 0.3875 0.008984375 0.01597222222222222