1 0.290625 0.55625 0.03125 0.0375
0 0.551171875 0.6708333333333333 0.01806640625 0.04982638888888889
1 0.044921875 0.5152777777777777 0.03193359375 0.030208333333333334
1 0.015625 0.5069444444444444 0.03125 0.025173611111111112
1 0.05859375 0.9083333333333333 0.0328125 0.022395833333333334
1 0.144140625 0.6777777777777778 0.02587890625 0.02795138888888889
1 0.746875 0.4875 0.02490234375 0.02795138888888889
1 0.220703125 0.4409722222222222 0.0328125 0.03211805555555555
1 0.151171875 0.6923611111111111 0.03056640625 0.02065972222222222
1 0.194921875 0.5902777777777778 0.02890625 0.04739583333333333
1 0.91796875 0.5027777777777778 0.02802734375 0.022048611111111113
1 0.06875 0.5083333333333333 0.01396484375 0.041666666666666664
1 0.080859375 0.5027777777777778 0.01337890625 0.03923611111111111
1 0.13203125 0.7 0.02509765625 0.044444444444444446
1 0.130078125 0.6701388888888888 0.0265625 0.018229166666666668
1 0.220703125 0.6951388888888889 0.02568359375 0.03211805555555555
1 0.294921875 0.6722222222222223 0.02724609375 0.016840277777777777
1 0.41796875 0.46041666666666664 0.0265625 0.017881944444444443
1 0.312890625 0.49375 0.02900390625 0.0265625
1 0.19921875 0.5652777777777778 0.02353515625 0.0390625
1 0.073046875 0.5361111111111111 0.01640625 0.025
1 0.88984375 0.49236111111111114 0.02802734375 0.03333333333333333
1 0.973046875 0.5597222222222222 0.0265625 0.02795138888888889
1 0.055859375 0.54375 0.01494140625 0.02378472222222222
1 0.381640625 0.4527777777777778 0.02412109375 0.036284722222222225
1 0.184765625 0.5986111111111111 0.02412109375 0.0359375
1 0.36171875 0.5611111111111111 0.02509765625 0.013888888888888888
1 0.42421875 0.45555555555555555 0.02333984375 0.0140625
1 0.312890625 0.4840277777777778 0.02275390625 0.015104166666666667
1 0.923828125 0.45694444444444443 0.02412109375 0.02795138888888889
1 0.340625 0.49166666666666664 0.0234375 0.027604166666666666
1 0.804296875 0.3020833333333333 0.01025390625 0.0265625
1 0.733203125 0.3145833333333333 0.02109375 0.012326388888888888
1 0.978125 0.3034722222222222 0.02041015625 0.03194444444444444
1 0.680859375 0.3506944444444444 0.0078125 0.029340277777777778
1 0.56953125 0.35833333333333334 0.0171875 0.011284722222222222
1 0.30859375 0.3861111111111111 0.00771484375 0.025173611111111112
1 0.688671875 0.3541666666666667 0.00869140625 0.019618055555555555
1 0.7234375 0.3333333333333333 0.00771484375 0.022222222222222223
1 0.708984375 0.3020833333333333 0.00712890625 0.022222222222222223
1 0.730078125 0.34305555555555556 0.00703125 0.022048611111111113
1 0.717578125 0.28680555555555554 0.00625 0.022222222222222223