1 0.641015625 0.54375 0.0625 0.0375
1 0.434765625 0.5430555555555555 0.05546875 0.03576388888888889
1 0.613671875 0.5215277777777778 0.053125 0.03194444444444444
1 0.6046875 0.51875 0.0529296875 0.025
1 0.539453125 0.525 0.03984375 0.025
1 0.288671875 0.4875 0.0375 0.025
1 0.3703125 0.48680555555555555 0.0185546875 0.027777777777777776
3 0.56328125 0.5215277777777778 0.0173828125 0.02638888888888889
1 0.376171875 0.44513888888888886 0.021875 0.016666666666666666
1 0.710546875 0.49027777777777776 0.01484375 0.019097222222222224
3 0.39296875 0.4486111111111111 0.0171875 0.01423611111111111
3 0.356640625 0.4875 0.0125 0.019097222222222224
1 0.056640625 0.4965277777777778 0.03046875 0.020833333333333332