3 0.31015625 0.33125 0.05634765625 0.15989583333333332
3 0.551953125 0.5048611111111111 0.02880859375 0.06788194444444444
2 0.099609375 0.5111111111111111 0.02587890625 0.06371527777777777
3 0.458984375 0.28055555555555556 0.01875 0.08055555555555556
2 0.653125 0.40902777777777777 0.02646484375 0.05277777777777778
2 0.516796875 0.65625 0.02119140625 0.059895833333333336
2 0.469140625 0.39791666666666664 0.021875 0.05954861111111111
3 0.780078125 0.3326388888888889 0.02724609375 0.044444444444444446
2 0.410546875 0.28958333333333336 0.03056640625 0.03611111111111111
2 0.562109375 0.2833333333333333 0.01962890625 0.041666666666666664
3 0.493359375 0.2361111111111111 0.0171875 0.036284722222222225
2 0.387890625 0.47430555555555554 0.0171875 0.03611111111111111
3 0.581640625 0.3020833333333333 0.01162109375 0.051215277777777776
2 0.323046875 0.5847222222222223 0.0171875 0.030381944444444444
3 0.540234375 0.42986111111111114 0.01630859375 0.025
2 0.67890625 0.41458333333333336 0.01396484375 0.0265625
2 0.330078125 0.80625 0.0140625 0.0234375
2 0.49609375 0.4965277777777778 0.015625 0.01545138888888889
3 0.521875 0.3527777777777778 0.01416015625 0.0140625