1 0.898046875 0.7409722222222223 0.02900390625 0.043229166666666666
3 0.537109375 0.7041666666666667 0.0171875 0.03315972222222222
0 0.81640625 0.2125 0.01875 0.02795138888888889
2 0.229296875 0.18680555555555556 0.01474609375 0.03333333333333333
0 0.78828125 0.9805555555555555 0.0125 0.03888888888888889
0 0.1453125 0.7527777777777778 0.015625 0.030381944444444444
3 0.473828125 0.6048611111111111 0.01337890625 0.0265625
3 0.7234375 0.13541666666666666 0.01259765625 0.0265625
3 0.9375 0.9222222222222223 0.009375 0.0359375
3 0.66484375 0.6298611111111111 0.00771484375 0.03888888888888889
3 0.9265625 0.9833333333333333 0.00947265625 0.027777777777777776
0 0.262109375 0.23541666666666666 0.00869140625 0.02378472222222222
3 0.504296875 0.1798611111111111 0.00869140625 0.022222222222222223
3 0.66875 0.54375 0.0125 0.015104166666666667
0 0.0640625 0.19375 0.01083984375 0.03333333333333333
3 0.872265625 0.5347222222222222 0.00712890625 0.05260416666666667
3 0.3328125 0.9354166666666667 0.01083984375 0.016666666666666666
3 0.495703125 0.11527777777777778 0.01630859375 0.011111111111111112
3 0.00625 0.22569444444444445 0.00634765625 0.025
2 0.302734375 0.8715277777777778 0.00556640625 0.0265625
3 0.897265625 0.8423611111111111 0.00556640625 0.022222222222222223
3 0.327734375 0.9131944444444444 0.00537109375 0.0234375
3 0.040625 0.3090277777777778 0.00625 0.017881944444444443
3 0.30703125 0.2965277777777778 0.00634765625 0.01545138888888889
3 0.683984375 0.8534722222222222 0.00712890625 0.013888888888888888
2 0.1546875 0.9027777777777778 0.01103515625 0.022395833333333334
3 0.350390625 0.9854166666666667 0.00537109375 0.018229166666666668
2 0.116015625 0.9381944444444444 0.01162109375 0.02621527777777778
2 0.6140625 0.5319444444444444 0.0046875 0.019270833333333334
3 0.65546875 0.8819444444444444 0.0078125 0.008506944444444444
3 0.89375 0.5243055555555556 0.0046875 0.013888888888888888
3 0.905078125 0.46597222222222223 0.00625 0.009895833333333333
3 0.012109375 0.32013888888888886 0.00380859375 0.016666666666666666
3 0.625390625 0.7701388888888889 0.0046875 0.012326388888888888
2 0.600390625 0.5277777777777778 0.00537109375 0.0109375
3 0.639453125 0.8965277777777778 0.0046875 0.012326388888888888
3 0.643359375 0.8465277777777778 0.0046875 0.011111111111111112
2 0.7046875 0.2048611111111111 0.00302734375 0.021006944444444446
3 0.62578125 0.8416666666666667 0.0046875 0.008159722222222223
2 0.582421875 0.75625 0.00244140625 0.013888888888888888
3 0.967578125 0.5576388888888889 0.003125 0.009895833333333333
2 0.633984375 0.5444444444444444 0.00380859375 0.005555555555555556
3 0.673046875 0.9090277777777778 0.00380859375 0.009548611111111112