2 0.625 0.3729166666666667 0.03125 0.059895833333333336
2 0.34609375 0.5305555555555556 0.0359375 0.05017361111111111
2 0.64921875 0.2881944444444444 0.03271484375 0.04600694444444445
0 0.14609375 0.9298611111111111 0.02333984375 0.06232638888888889
2 0.221875 0.9729166666666667 0.02509765625 0.05399305555555556
2 0.333984375 0.4395833333333333 0.02568359375 0.04600694444444445
2 0.169921875 0.44027777777777777 0.03212890625 0.03350694444444444
2 0.011328125 0.9472222222222222 0.021875 0.044444444444444446
2 0.84140625 0.3993055555555556 0.0203125 0.04565972222222222
2 0.30703125 0.1625 0.02646484375 0.03315972222222222
2 0.171484375 0.6645833333333333 0.02275390625 0.027777777777777776
0 0.2390625 0.7326388888888888 0.01572265625 0.03888888888888889
2 0.529296875 0.74375 0.01943359375 0.022222222222222223
2 0.6265625 0.22847222222222222 0.01259765625 0.029340277777777778
2 0.11171875 0.3423611111111111 0.01259765625 0.0265625
2 0.59609375 0.10416666666666667 0.01240234375 0.02795138888888889
2 0.273046875 0.73125 0.01630859375 0.018229166666666668
0 0.253515625 0.7701388888888889 0.01162109375 0.02378472222222222
2 0.646875 0.5881944444444445 0.01396484375 0.02065972222222222
2 0.9609375 0.6451388888888889 0.009375 0.01545138888888889
2 0.58203125 0.6340277777777777 0.01103515625 0.012673611111111111