3 0.06171875 0.8645833333333334 0.083203125 0.15069444444444444
3 0.551953125 0.5604166666666667 0.059375 0.20347222222222222
3 0.490234375 0.5270833333333333 0.061328125 0.10069444444444445
3 0.44453125 0.8645833333333334 0.041015625 0.10486111111111111
3 0.629296875 0.5618055555555556 0.037890625 0.09444444444444444
3 0.551953125 0.7020833333333333 0.0328125 0.08125
3 0.6015625 0.5986111111111111 0.027734375 0.06111111111111111
0 0.600390625 0.4895833333333333 0.034375 0.04513888888888889
3 0.305078125 0.9423611111111111 0.0265625 0.05486111111111111
0 0.564453125 0.6444444444444445 0.030078125 0.04791666666666667
3 0.504296875 0.6597222222222222 0.025390625 0.052083333333333336
0 0.584765625 0.7284722222222222 0.035546875 0.03125
0 0.501171875 0.4652777777777778 0.021875 0.05
0 0.491015625 0.27847222222222223 0.032421875 0.029861111111111113
2 0.47578125 0.24097222222222223 0.019140625 0.044444444444444446
0 0.282421875 0.7229166666666667 0.017578125 0.04652777777777778
3 0.142578125 0.3229166666666667 0.015234375 0.05277777777777778
0 0.349609375 0.11597222222222223 0.019921875 0.03958333333333333
0 0.46328125 0.4548611111111111 0.016796875 0.041666666666666664
3 0.300390625 0.6881944444444444 0.0140625 0.04791666666666667
3 0.516015625 0.6 0.012890625 0.05
2 0.312890625 0.8673611111111111 0.017578125 0.035416666666666666
3 0.409375 0.8902777777777777 0.019921875 0.030555555555555555
2 0.31953125 0.7909722222222222 0.01875 0.03125
2 0.676953125 0.49236111111111114 0.010546875 0.05555555555555555
3 0.065234375 0.3125 0.0125 0.04097222222222222
0 0.325390625 0.9798611111111111 0.0203125 0.025
0 0.146875 0.94375 0.016796875 0.029861111111111113
0 0.536328125 0.4395833333333333 0.016015625 0.030555555555555555
3 0.169140625 0.26944444444444443 0.0125 0.03680555555555556
3 0.2125 0.8041666666666667 0.0140625 0.03333333333333333
0 0.641796875 0.9611111111111111 0.020703125 0.022222222222222223
2 0.549609375 0.7659722222222223 0.015625 0.027083333333333334
2 0.401953125 0.8479166666666667 0.014453125 0.027083333333333334
3 0.142578125 0.2361111111111111 0.015234375 0.01875
0 0.290234375 0.8104166666666667 0.016796875 0.01597222222222222
3 0.5625 0.34791666666666665 0.013671875 0.02013888888888889
2 0.45859375 0.39375 0.017578125 0.014583333333333334
3 0.484375 0.6604166666666667 0.011328125 0.02013888888888889
2 0.405078125 0.80625 0.010546875 0.022222222222222223
2 0.5296875 0.7173611111111111 0.0109375 0.022222222222222223
3 0.198828125 0.8118055555555556 0.009375 0.024305555555555556
3 0.466796875 0.6555555555555556 0.009765625 0.019444444444444445
3 0.500390625 0.6951388888888889 0.0125 0.014583333333333334
3 0.813671875 0.9159722222222222 0.008984375 0.019444444444444445
3 0.1078125 0.8138888888888889 0.007421875 0.019444444444444445
3 0.156640625 0.8826388888888889 0.008984375 0.014583333333333334
3 0.86640625 0.9722222222222222 0.007421875 0.016666666666666666
3 0.53203125 0.41805555555555557 0.009765625 0.011805555555555555
3 0.484375 0.6861111111111111 0.008984375 0.010416666666666666
3 0.497265625 0.66875 0.00625 0.013194444444444444
3 0.759765625 0.9715277777777778 0.01875 0.04722222222222222