2 0.355078125 0.8895833333333333 0.071484375 0.12986111111111112
2 0.18984375 0.8666666666666667 0.019140625 0.049305555555555554
2 0.19765625 0.2326388888888889 0.019140625 0.04513888888888889
2 0.4421875 0.47847222222222224 0.025390625 0.03263888888888889
2 0.130859375 0.3576388888888889 0.0234375 0.03333333333333333
2 0.312890625 0.6625 0.023828125 0.03263888888888889
2 0.129296875 0.5819444444444445 0.016015625 0.041666666666666664
2 0.112890625 0.4930555555555556 0.016015625 0.03680555555555556
2 0.26953125 0.8215277777777777 0.0171875 0.03263888888888889
2 0.234765625 0.8201388888888889 0.0171875 0.02847222222222222
2 0.105078125 0.5791666666666667 0.0125 0.035416666666666666
2 0.098828125 0.40625 0.0125 0.035416666666666666
2 0.22109375 0.7243055555555555 0.015234375 0.025
2 0.27109375 0.58125 0.015234375 0.025
2 0.176171875 0.5645833333333333 0.011328125 0.03263888888888889
2 0.192578125 0.5923611111111111 0.016015625 0.017361111111111112
2 0.151171875 0.28888888888888886 0.016796875 0.03263888888888889