3 0.604296875 0.38263888888888886 0.01943359375 0.028993055555555557
0 0.084375 0.8958333333333334 0.01708984375 0.030381944444444444
3 0.0859375 0.9708333333333333 0.009375 0.041840277777777775
0 0.954296875 0.94375 0.00869140625 0.04010416666666667
3 0.7453125 0.7798611111111111 0.0125 0.02065972222222222
3 0.266015625 0.2548611111111111 0.00869140625 0.02378472222222222
0 0.26171875 0.27291666666666664 0.01240234375 0.016666666666666666
3 0.08046875 0.7944444444444444 0.00634765625 0.011111111111111112
3 0.876171875 0.7090277777777778 0.003125 0.016666666666666666
3 0.11015625 0.73125 0.0046875 0.009548611111111112
3 0.898828125 0.6659722222222222 0.00380859375 0.012326388888888888
3 0.89765625 0.6826388888888889 0.00771484375 0.012673611111111111
3 0.037109375 0.6722222222222223 0.00400390625 0.0109375