2 0.4953125 0.46041666666666664 0.030859375 0.052083333333333336
0 0.312890625 0.6479166666666667 0.025390625 0.049305555555555554
3 0.483984375 0.49583333333333335 0.029296875 0.030555555555555555
2 0.61171875 0.7604166666666666 0.018359375 0.03958333333333333
0 0.634765625 0.96875 0.019140625 0.03819444444444445
0 0.366796875 0.9631944444444445 0.017578125 0.03888888888888889
3 0.464453125 0.2861111111111111 0.015625 0.03611111111111111
0 0.599609375 0.6736111111111112 0.015625 0.027083333333333334
3 0.50234375 0.37430555555555556 0.008984375 0.027777777777777776
3 0.48046875 0.4701388888888889 0.0109375 0.022222222222222223
2 0.520703125 0.35208333333333336 0.011328125 0.02013888888888889
0 0.185546875 0.5381944444444444 0.011328125 0.02013888888888889
3 0.283984375 0.5979166666666667 0.0078125 0.027777777777777776
3 0.497265625 0.4097222222222222 0.011328125 0.01597222222222222
3 0.492578125 0.29583333333333334 0.009375 0.017361111111111112
2 0.966796875 0.34375 0.008203125 0.017361111111111112
3 0.686328125 0.42916666666666664 0.007421875 0.017361111111111112
3 0.321484375 0.8548611111111111 0.009765625 0.013194444444444444
3 0.5546875 0.22569444444444445 0.004296875 0.02847222222222222
3 0.9546875 0.39652777777777776 0.00625 0.019444444444444445
3 0.332421875 0.7902777777777777 0.005859375 0.01875
3 0.503125 0.2152777777777778 0.008984375 0.011111111111111112
3 0.488671875 0.3333333333333333 0.007421875 0.013194444444444444
3 0.3640625 0.7513888888888889 0.005078125 0.017361111111111112
3 0.59453125 0.7444444444444445 0.00625 0.013888888888888888
3 0.33828125 0.35347222222222224 0.006640625 0.011805555555555555
2 0.498046875 0.42291666666666666 0.005859375 0.013194444444444444
3 0.694921875 0.3854166666666667 0.00625 0.011805555555555555
3 0.980078125 0.31875 0.005078125 0.013888888888888888
3 0.3578125 0.6951388888888889 0.005859375 0.010416666666666666
3 0.299609375 0.4048611111111111 0.00625 0.009027777777777777
3 0.398046875 0.27847222222222223 0.0046875 0.011805555555555555
3 0.315234375 0.8694444444444445 0.003125 0.01597222222222222
3 0.519921875 0.4340277777777778 0.005859375 0.008333333333333333
3 0.51640625 0.4618055555555556 0.003515625 0.011805555555555555
3 0.546484375 0.28055555555555556 0.0046875 0.009027777777777777
3 0.2890625 0.4284722222222222 0.005859375 0.00625
3 0.543359375 0.3236111111111111 0.0046875 0.00625
3 0.482421875 0.22847222222222222 0.0046875 0.00625
3 0.522265625 0.32222222222222224 0.001953125 0.005555555555555556
3 0.36484375 0.21944444444444444 0.004296875 0.01875