3 0.299609375 0.6222222222222222 0.0515625 0.0640625
3 0.817578125 0.3701388888888889 0.03212890625 0.08055555555555556
3 0.88359375 0.25763888888888886 0.04541015625 0.04722222222222222
0 0.67578125 0.14444444444444443 0.0296875 0.04739583333333333
0 0.580078125 0.8104166666666667 0.0265625 0.0515625
3 0.12109375 0.8965277777777778 0.021875 0.05677083333333333
3 0.2984375 0.21180555555555555 0.02197265625 0.0515625
0 0.648828125 0.7520833333333333 0.0203125 0.03177083333333333
0 0.17578125 0.8145833333333333 0.01552734375 0.034895833333333334
3 0.658984375 0.5923611111111111 0.01494140625 0.03211805555555555
3 0.4859375 0.8291666666666667 0.01396484375 0.025
3 0.416796875 0.8222222222222222 0.01181640625 0.025
0 0.533984375 0.8305555555555556 0.0109375 0.025
0 0.940234375 0.42291666666666666 0.01005859375 0.02621527777777778
3 0.9171875 0.7854166666666667 0.00791015625 0.034895833333333334