3 0.905078125 0.35625 0.03818359375 0.2956597222222222
3 0.848046875 0.6979166666666666 0.0578125 0.1373263888888889
3 0.911328125 0.8701388888888889 0.0375 0.11267361111111111
0 0.8828125 0.5930555555555556 0.0171875 0.06927083333333334
0 0.801171875 0.6597222222222222 0.01943359375 0.04704861111111111
2 0.390234375 0.5368055555555555 0.02255859375 0.03767361111111111
2 0.350390625 0.5909722222222222 0.01787109375 0.0484375
2 0.1375 0.13819444444444445 0.01572265625 0.044444444444444446
2 0.551171875 0.3486111111111111 0.01875 0.03611111111111111
2 0.74375 0.5444444444444444 0.01865234375 0.0359375
2 0.64375 0.5965277777777778 0.0171875 0.03611111111111111
2 0.11875 0.3659722222222222 0.01416015625 0.041666666666666664
2 0.7203125 0.4340277777777778 0.01865234375 0.03177083333333333
0 0.278125 0.0875 0.01708984375 0.03315972222222222
0 0.84921875 0.8034722222222223 0.02333984375 0.022222222222222223
2 0.008203125 0.26180555555555557 0.01318359375 0.03611111111111111
0 0.29453125 0.14375 0.01103515625 0.03888888888888889
2 0.417578125 0.5638888888888889 0.01318359375 0.027604166666666666
2 0.561328125 0.6215277777777778 0.01806640625 0.015104166666666667
2 0.894140625 0.19236111111111112 0.01025390625 0.025
2 0.319921875 0.08680555555555555 0.01025390625 0.02378472222222222
2 0.570703125 0.9152777777777777 0.01630859375 0.0140625
2 0.568359375 0.8479166666666667 0.01318359375 0.018229166666666668
2 0.62109375 0.8861111111111111 0.0125 0.016493055555555556
2 0.0328125 0.28402777777777777 0.00927734375 0.02065972222222222
2 0.821875 0.48541666666666666 0.0078125 0.021006944444444446
2 0.629296875 0.8597222222222223 0.01494140625 0.011111111111111112
2 0.848046875 0.5777777777777777 0.00625 0.019270833333333334
2 0.547265625 0.8513888888888889 0.00556640625 0.016493055555555556
2 0.56328125 0.1388888888888889 0.00478515625 0.016493055555555556
2 0.584375 0.13819444444444445 0.01240234375 0.0067708333333333336
2 0.618359375 0.9215277777777777 0.0078125 0.009895833333333333
2 0.334765625 0.22291666666666668 0.00537109375 0.012673611111111111
2 0.56015625 0.16458333333333333 0.00625 0.009548611111111112
2 0.561328125 0.19027777777777777 0.00380859375 0.011284722222222222