1 0.223828125 0.9666666666666667 0.103125 0.0625
2 0.00703125 0.6152777777777778 0.0140625 0.030555555555555555
2 0.05390625 0.5923611111111111 0.01640625 0.02361111111111111
2 0.87890625 0.74375 0.02578125 0.011111111111111112
2 0.4890625 0.7444444444444445 0.02578125 0.009722222222222222
2 0.083203125 0.6138888888888889 0.01484375 0.016666666666666666
2 0.063671875 0.6104166666666667 0.0125 0.016666666666666666
2 0.90703125 0.7333333333333333 0.01640625 0.009722222222222222
2 0.84765625 0.7159722222222222 0.01484375 0.006944444444444444
2 0.50625 0.6125 0.0078125 0.011111111111111112
2 0.935546875 0.7361111111111112 0.0125 0.006944444444444444
2 0.95 0.7222222222222222 0.01015625 0.006944444444444444
2 0.916015625 0.7465277777777778 0.009375 0.006944444444444444
2 0.767578125 0.7201388888888889 0.021875 0.009722222222222222